date,new,total,source
2020-02-21,1,1,fhi:git
2020-02-22,0,1,fhi:git
2020-02-23,0,1,fhi:git
2020-02-24,0,1,fhi:git
2020-02-25,0,1,fhi:git
2020-02-26,3,4,fhi:git
2020-02-27,2,6,fhi:git
2020-02-28,9,15,fhi:git
2020-02-29,6,21,fhi:git
2020-03-01,10,31,fhi:git
2020-03-02,12,43,fhi:git
2020-03-03,31,74,fhi:git
2020-03-04,33,107,fhi:git
2020-03-05,33,140,fhi:git
2020-03-06,24,164,fhi:git
2020-03-07,20,184,fhi:git
2020-03-08,65,249,fhi:git
2020-03-09,247,496,fhi:git
2020-03-10,241,737,fhi:git
2020-03-11,176,913,fhi:git
2020-03-12,206,1119,fhi:git
2020-03-13,147,1266,fhi:git
2020-03-14,100,1366,fhi:git
2020-03-15,99,1465,fhi:git
2020-03-16,180,1645,fhi:git
2020-03-17,176,1821,fhi:git
2020-03-18,213,2034,fhi:git
2020-03-19,239,2273,fhi:git
2020-03-20,308,2581,fhi:git
2020-03-21,174,2755,fhi:git
2020-03-22,148,2903,fhi:git
2020-03-23,296,3199,fhi:git
2020-03-24,313,3512,fhi:git
2020-03-25,292,3804,fhi:git
2020-03-26,298,4102,fhi:git
2020-03-27,262,4364,fhi:git
2020-03-28,166,4530,fhi:git
2020-03-29,106,4636,fhi:git
2020-03-30,264,4900,fhi:git
2020-03-31,208,5108,fhi:git
2020-04-01,198,5306,fhi:git
2020-04-02,198,5504,fhi:git
2020-04-03,164,5668,fhi:git
2020-04-04,88,5756,fhi:git
2020-04-05,72,5828,fhi:git
2020-04-06,159,5987,fhi:git
2020-04-07,140,6127,fhi:git
2020-04-08,106,6233,fhi:git
2020-04-09,103,6336,fhi:git
2020-04-10,68,6404,fhi:git
2020-04-11,110,6514,fhi:git
2020-04-12,76,6590,fhi:git
2020-04-13,77,6667,fhi:git
2020-04-14,122,6789,fhi:git
2020-04-15,103,6892,fhi:git
2020-04-16,80,6972,fhi:git
2020-04-17,108,7080,fhi:git
2020-04-18,49,7129,fhi:git
2020-04-19,36,7165,fhi:git
2020-04-20,84,7249,fhi:git
2020-04-21,78,7327,fhi:git
2020-04-22,77,7404,fhi:git
2020-04-23,69,7473,fhi:git
2020-04-24,53,7526,fhi:git
2020-04-25,25,7551,fhi:git
2020-04-26,37,7588,fhi:git
2020-04-27,71,7659,fhi:git
2020-04-28,50,7709,fhi:git
2020-04-29,39,7748,fhi:git
2020-04-30,39,7787,fhi:git
2020-05-01,43,7830,fhi:git
2020-05-02,23,7853,fhi:git
2020-05-03,44,7897,fhi:git
2020-05-04,45,7942,fhi:git
2020-05-05,43,7985,fhi:git
2020-05-06,39,8024,fhi:git
2020-05-07,29,8053,fhi:git
2020-05-08,42,8095,fhi:git
2020-05-09,11,8106,fhi:git
2020-05-10,12,8118,fhi:git
2020-05-11,25,8143,fhi:git
2020-05-12,19,8162,fhi:git
2020-05-13,19,8181,fhi:git
2020-05-14,24,8205,fhi:git
2020-05-15,23,8228,fhi:git
2020-05-16,13,8241,fhi:git
2020-05-17,4,8245,fhi:git
2020-05-18,17,8262,fhi:git
2020-05-19,20,8282,fhi:git
2020-05-20,19,8301,fhi:git
2020-05-21,14,8315,fhi:git
2020-05-22,26,8341,fhi:git
2020-05-23,6,8347,fhi:git
2020-05-24,6,8353,fhi:git
2020-05-25,18,8371,fhi:git
2020-05-26,12,8383,fhi:git
2020-05-27,18,8401,fhi:git
2020-05-28,16,8417,fhi:git
2020-05-29,16,8433,fhi:git
2020-05-30,0,8433,fhi:git
2020-05-31,6,8439,fhi:git
2020-06-01,7,8446,fhi:git
2020-06-02,31,8477,fhi:git
2020-06-03,12,8489,fhi:git
2020-06-04,17,8506,fhi:git
2020-06-05,30,8536,fhi:git
2020-06-06,8,8544,fhi:git
2020-06-07,9,8553,fhi:git
2020-06-08,18,8571,fhi:git
2020-06-09,13,8584,fhi:git
2020-06-10,14,8598,fhi:git
2020-06-11,11,8609,fhi:git
2020-06-12,13,8622,fhi:git
2020-06-13,7,8629,fhi:git
2020-06-14,6,8635,fhi:git
2020-06-15,18,8653,fhi:git
2020-06-16,36,8689,fhi:git
2020-06-17,15,8704,fhi:git
2020-06-18,13,8717,fhi:git
2020-06-19,18,8735,fhi:git
2020-06-20,6,8741,fhi:git
2020-06-21,4,8745,fhi:git
2020-06-22,28,8773,fhi:git
2020-06-23,13,8786,fhi:git
2020-06-24,21,8807,fhi:git
2020-06-25,17,8824,fhi:git
2020-06-26,22,8846,fhi:git
2020-06-27,10,8856,fhi:git
2020-06-28,1,8857,fhi:git
2020-06-29,26,8883,fhi:git
2020-06-30,11,8894,fhi:git
2020-07-01,8,8902,fhi:git
2020-07-02,9,8911,fhi:git
2020-07-03,10,8921,fhi:git
2020-07-04,2,8923,fhi:git
2020-07-05,1,8924,fhi:git
2020-07-06,14,8938,fhi:git
2020-07-07,10,8948,fhi:git
2020-07-08,11,8959,fhi:git
2020-07-09,8,8967,fhi:git
2020-07-10,13,8980,fhi:git
2020-07-11,4,8984,fhi:git
2020-07-12,5,8989,fhi:git
2020-07-13,19,9008,fhi:git
2020-07-14,8,9016,fhi:git
2020-07-15,6,9022,fhi:git
2020-07-16,4,9026,fhi:git
2020-07-17,12,9038,fhi:git
2020-07-18,1,9039,fhi:git
2020-07-19,3,9042,fhi:git
2020-07-20,21,9063,fhi:git
2020-07-21,6,9069,fhi:git
2020-07-22,22,9091,fhi:git
2020-07-23,6,9097,fhi:git
2020-07-24,24,9121,fhi:git
2020-07-25,6,9127,fhi:git
2020-07-26,9,9136,fhi:git
2020-07-27,24,9160,fhi:git
2020-07-28,16,9176,fhi:git
2020-07-29,37,9213,fhi:git
2020-07-30,23,9236,fhi:git
2020-07-31,72,9308,fhi:git
2020-08-01,14,9322,fhi:git
2020-08-02,13,9335,fhi:git
2020-08-03,38,9373,fhi:git
2020-08-04,40,9413,fhi:git
2020-08-05,66,9479,fhi:git
2020-08-06,79,9558,fhi:git
2020-08-07,80,9638,fhi:git
2020-08-08,35,9673,fhi:git
2020-08-09,34,9707,fhi:git
2020-08-10,63,9770,fhi:git
2020-08-11,43,9813,fhi:git
2020-08-12,63,9876,fhi:git
2020-08-13,54,9930,fhi:git
2020-08-14,76,10006,fhi:git
2020-08-15,44,10050,fhi:git
2020-08-16,27,10077,fhi:git
2020-08-17,74,10151,fhi:git
2020-08-18,58,10209,fhi:git
2020-08-19,60,10269,fhi:git
2020-08-20,50,10319,fhi:git
2020-08-21,53,10372,fhi:git
2020-08-22,45,10417,fhi:git
2020-08-23,19,10436,fhi:git
2020-08-24,67,10503,fhi:git
2020-08-25,42,10545,fhi:git
2020-08-26,40,10585,fhi:git
2020-08-27,52,10637,fhi:git
2020-08-28,84,10721,fhi:git
2020-08-29,42,10763,fhi:git
2020-08-30,50,10813,fhi:git
2020-08-31,148,10961,fhi:git
2020-09-01,115,11076,fhi:git
2020-09-02,101,11177,fhi:git
2020-09-03,125,11302,fhi:git
2020-09-04,119,11421,fhi:git
2020-09-05,73,11494,fhi:git
2020-09-06,60,11554,fhi:git
2020-09-07,132,11686,fhi:git
2020-09-08,113,11799,fhi:git
2020-09-09,124,11923,fhi:git
2020-09-10,132,12055,fhi:git
2020-09-11,119,12174,fhi:git
2020-09-12,67,12241,fhi:git
2020-09-13,78,12319,fhi:git
2020-09-14,104,12423,fhi:git
2020-09-15,132,12555,fhi:git
2020-09-16,137,12692,fhi:git
2020-09-17,117,12809,fhi:git
2020-09-18,94,12903,fhi:git
2020-09-19,58,12961,fhi:git
2020-09-20,77,13038,fhi:git
2020-09-21,163,13201,fhi:git
2020-09-22,101,13302,fhi:git
2020-09-23,143,13445,fhi:git
2020-09-24,133,13578,fhi:git
2020-09-25,130,13708,fhi:git
2020-09-26,63,13771,fhi:git
2020-09-27,54,13825,fhi:git
2020-09-28,124,13949,fhi:git
2020-09-29,110,14059,fhi:git
2020-09-30,120,14179,fhi:git
2020-10-01,131,14310,fhi:git
2020-10-02,134,14444,fhi:git
2020-10-03,110,14554,fhi:git
2020-10-04,89,14643,fhi:git
2020-10-05,209,14852,fhi:git
2020-10-06,198,15050,fhi:git
2020-10-07,199,15249,fhi:git
2020-10-08,168,15417,fhi:git
2020-10-09,141,15558,fhi:git
2020-10-10,65,15623,fhi:git
2020-10-11,78,15701,fhi:git
2020-10-12,166,15867,fhi:git
2020-10-13,155,16022,fhi:git
2020-10-14,162,16184,fhi:git
2020-10-15,141,16325,fhi:git
2020-10-16,137,16462,fhi:git
2020-10-17,88,16550,fhi:git
2020-10-18,93,16643,fhi:git
2020-10-19,219,16862,fhi:git
2020-10-20,183,17045,fhi:git
2020-10-21,221,17266,fhi:git
2020-10-22,285,17551,fhi:git
2020-10-23,368,17919,fhi:git
2020-10-24,231,18150,fhi:git
2020-10-25,202,18352,fhi:git
2020-10-26,487,18839,fhi:git
2020-10-27,391,19230,fhi:git
2020-10-28,514,19744,fhi:git
2020-10-29,431,20175,fhi:git
2020-10-30,616,20791,fhi:git
2020-10-31,385,21176,fhi:git
2020-11-01,323,21499,fhi:git
2020-11-02,647,22146,fhi:git
2020-11-03,682,22828,fhi:git
2020-11-04,690,23518,fhi:git
2020-11-05,602,24120,fhi:git
2020-11-06,650,24770,fhi:git
2020-11-07,388,25158,fhi:git
2020-11-08,385,25543,fhi:git
2020-11-09,706,26249,fhi:git
2020-11-10,603,26852,fhi:git
2020-11-11,662,27514,fhi:git
2020-11-12,637,28151,fhi:git
2020-11-13,697,28848,fhi:git
2020-11-14,379,29227,fhi:git
2020-11-15,405,29632,fhi:git
2020-11-16,720,30352,fhi:git
2020-11-17,635,30987,fhi:git
2020-11-18,652,31639,fhi:git
2020-11-19,564,32203,fhi:git
2020-11-20,519,32722,fhi:git
2020-11-21,288,33010,fhi:git
2020-11-22,279,33289,fhi:git
2020-11-23,608,33897,fhi:git
2020-11-24,413,34310,fhi:git
2020-11-25,513,34823,fhi:git
2020-11-26,477,35300,fhi:git
2020-11-27,447,35747,fhi:git
2020-11-28,236,35983,fhi:git
2020-11-29,228,36211,fhi:git
2020-11-30,448,36659,fhi:git
2020-12-01,362,37021,fhi:git
2020-12-02,420,37441,fhi:git
2020-12-03,400,37841,fhi:git
2020-12-04,381,38222,fhi:git
2020-12-05,252,38474,fhi:git
2020-12-06,262,38736,fhi:git
2020-12-07,500,39236,fhi:git
2020-12-08,392,39628,fhi:git
2020-12-09,453,40081,fhi:git
2020-12-10,435,40516,fhi:git
2020-12-11,403,40919,fhi:git
2020-12-12,256,41175,fhi:git
2020-12-13,285,41460,fhi:git
2020-12-14,544,42004,fhi:git
2020-12-15,440,42444,fhi:git
2020-12-16,450,42894,fhi:git
2020-12-17,431,43325,fhi:git
2020-12-18,475,43800,fhi:git
2020-12-19,309,44109,fhi:git
2020-12-20,299,44408,fhi:git
2020-12-21,621,45029,fhi:git
2020-12-22,560,45589,fhi:git
2020-12-23,586,46175,fhi:git
2020-12-24,292,46467,fhi:git
2020-12-25,293,46760,fhi:git
2020-12-26,466,47226,fhi:git
2020-12-27,424,47650,fhi:git
2020-12-28,778,48428,fhi:git
2020-12-29,699,49127,fhi:git
2020-12-30,639,49766,fhi:git
2020-12-31,434,50200,fhi:git
2021-01-01,345,50545,fhi:git
2021-01-02,525,51070,fhi:git
2021-01-03,444,51514,fhi:git
2021-01-04,937,52451,fhi:git
2021-01-05,788,53239,fhi:git
2021-01-06,710,53949,fhi:git
2021-01-07,736,54685,fhi:git
2021-01-08,650,55335,fhi:git
2021-01-09,414,55749,fhi:git
2021-01-10,435,56184,fhi:git
2021-01-11,638,56822,fhi:git
2021-01-12,562,57384,fhi:git
2021-01-13,461,57845,fhi:git
2021-01-14,454,58299,fhi:git
2021-01-15,397,58696,fhi:git
2021-01-16,267,58963,fhi:git
2021-01-17,226,59189,fhi:git
2021-01-18,446,59635,fhi:git
2021-01-19,342,59977,fhi:git
2021-01-20,354,60331,fhi:git
2021-01-21,345,60676,fhi:git
2021-01-22,330,61006,fhi:git
2021-01-23,213,61219,fhi:git
2021-01-24,189,61408,fhi:git
2021-01-25,387,61795,fhi:git
2021-01-26,276,62071,fhi:git
2021-01-27,344,62415,fhi:git
2021-01-28,285,62700,fhi:git
2021-01-29,295,62995,fhi:git
2021-01-30,175,63170,fhi:git
2021-01-31,182,63352,fhi:git
2021-02-01,319,63671,fhi:git
2021-02-02,294,63965,fhi:git
2021-02-03,325,64290,fhi:git
2021-02-04,253,64543,fhi:git
2021-02-05,288,64831,fhi:git
2021-02-06,198,65029,fhi:git
2021-02-07,167,65196,fhi:git
2021-02-08,301,65497,fhi:git
2021-02-09,270,65767,fhi:git
2021-02-10,310,66077,fhi:git
2021-02-11,262,66339,fhi:git
2021-02-12,247,66586,fhi:git
2021-02-13,184,66770,fhi:git
2021-02-14,160,66930,fhi:git
2021-02-15,332,67262,fhi:git
2021-02-16,305,67567,fhi:git
2021-02-17,320,67887,fhi:git
2021-02-18,301,68188,fhi:git
2021-02-19,338,68526,fhi:git
2021-02-20,215,68741,fhi:git
2021-02-21,221,68962,fhi:git
2021-02-22,410,69372,fhi:git
2021-02-23,445,69817,fhi:git
2021-02-24,461,70278,fhi:git
2021-02-25,527,70805,fhi:git
2021-02-26,493,71298,fhi:git
2021-02-27,381,71679,fhi:git
2021-02-28,391,72070,fhi:git
2021-03-01,551,72621,fhi:git
2021-03-02,637,73258,fhi:git
2021-03-03,659,73917,fhi:git
2021-03-04,601,74518,fhi:git
2021-03-05,703,75221,fhi:git
2021-03-06,465,75686,fhi:git
2021-03-07,572,76258,fhi:git
2021-03-08,845,77103,fhi:git
2021-03-09,799,77902,fhi:git
2021-03-10,854,78756,fhi:git
2021-03-11,782,79538,fhi:git
2021-03-12,950,80488,fhi:git
2021-03-13,736,81224,fhi:git
2021-03-14,698,81922,fhi:git
2021-03-15,1106,83028,fhi:git
2021-03-16,1007,84035,fhi:git
2021-03-17,1059,85094,fhi:git
2021-03-18,1044,86138,fhi:git
2021-03-19,1000,87138,fhi:git
2021-03-20,710,87848,fhi:git
2021-03-21,649,88497,fhi:git
2021-03-22,1107,89604,fhi:git
2021-03-23,966,90570,fhi:git
2021-03-24,1001,91571,fhi:git
2021-03-25,871,92442,fhi:git
2021-03-26,895,93337,fhi:git
2021-03-27,602,93939,fhi:git
2021-03-28,477,94416,fhi:git
2021-03-29,865,95281,fhi:git
2021-03-30,849,96130,fhi:git
2021-03-31,805,96935,fhi:git
2021-04-01,624,97559,fhi:git
2021-04-02,699,98258,fhi:git
2021-04-03,612,98870,fhi:git
2021-04-04,653,99523,fhi:git
2021-04-05,716,100239,fhi:git
2021-04-06,888,101127,fhi:git
2021-04-07,848,101975,fhi:git
2021-04-08,768,102743,fhi:git
2021-04-09,712,103455,fhi:git
2021-04-10,496,103951,fhi:git
2021-04-11,395,104346,fhi:git
2021-04-12,738,105084,fhi:git
2021-04-13,594,105678,fhi:git
2021-04-14,601,106279,fhi:git
2021-04-15,549,106828,fhi:git
2021-04-16,579,107407,fhi:git
2021-04-17,331,107738,fhi:git
2021-04-18,345,108083,fhi:git
2021-04-19,575,108658,fhi:git
2021-04-20,532,109190,fhi:git
2021-04-21,538,109728,fhi:git
2021-04-22,463,110191,fhi:git
2021-04-23,509,110700,fhi:git
2021-04-24,287,110987,fhi:git
2021-04-25,317,111304,fhi:git
2021-04-26,502,111806,fhi:git
2021-04-27,481,112287,fhi:git
2021-04-28,419,112706,fhi:git
2021-04-29,414,113120,fhi:git
2021-04-30,441,113561,fhi:git
2021-05-01,251,113812,fhi:git
2021-05-02,296,114108,fhi:git
2021-05-03,511,114619,fhi:git
2021-05-04,463,115082,fhi:git
2021-05-05,494,115576,fhi:git
2021-05-06,509,116085,fhi:git
2021-05-07,438,116523,fhi:git
2021-05-08,352,116875,fhi:git
2021-05-09,351,117226,fhi:git
2021-05-10,523,117749,fhi:git
2021-05-11,427,118176,fhi:git
2021-05-12,379,118555,fhi:git
2021-05-13,298,118853,fhi:git
2021-05-14,415,119268,fhi:git
2021-05-15,240,119508,fhi:git
2021-05-16,278,119786,fhi:git
2021-05-17,183,119969,fhi:git
2021-05-18,542,120511,fhi:git
2021-05-19,541,121052,fhi:git
2021-05-20,603,121655,fhi:git
2021-05-21,668,122323,fhi:git
2021-05-22,352,122675,fhi:git
2021-05-23,338,123013,fhi:git
2021-05-24,383,123396,fhi:git
2021-05-25,427,123823,fhi:git
2021-05-26,363,124186,fhi:git
2021-05-27,384,124570,fhi:git
2021-05-28,347,124917,fhi:git
2021-05-29,199,125116,fhi:git
2021-05-30,185,125301,fhi:git
2021-05-31,344,125645,fhi:git
2021-06-01,387,126032,fhi:git
2021-06-02,293,126325,fhi:git
2021-06-03,282,126607,fhi:git
2021-06-04,262,126869,fhi:git
2021-06-05,145,127014,fhi:git
2021-06-06,150,127164,fhi:git
2021-06-07,203,127367,fhi:git
2021-06-08,215,127582,fhi:git
2021-06-09,207,127789,fhi:git
2021-06-10,202,127991,fhi:git
2021-06-11,154,128145,fhi:git
2021-06-12,129,128274,fhi:git
2021-06-13,111,128385,fhi:git
2021-06-14,207,128592,fhi:git
2021-06-15,194,128786,fhi:git
2021-06-16,215,129001,fhi:git
2021-06-17,197,129198,fhi:git
2021-06-18,172,129370,fhi:git
2021-06-19,153,129523,fhi:git
2021-06-20,115,129638,fhi:git
2021-06-21,205,129843,fhi:git
2021-06-22,266,130109,fhi:git
2021-06-23,240,130349,fhi:git
2021-06-24,174,130523,fhi:git
2021-06-25,175,130698,fhi:git
2021-06-26,106,130804,fhi:git
2021-06-27,107,130911,fhi:git
2021-06-28,226,131137,fhi:git
2021-06-29,213,131350,fhi:git
2021-06-30,261,131611,fhi:git
2021-07-01,197,131808,fhi:git
2021-07-02,186,131994,fhi:git
2021-07-03,99,132093,fhi:git
2021-07-04,123,132216,fhi:git
2021-07-05,207,132423,fhi:git
2021-07-06,200,132623,fhi:git
2021-07-07,204,132827,fhi:git
2021-07-08,183,133010,fhi:git
2021-07-09,175,133185,fhi:git
2021-07-10,108,133293,fhi:git
2021-07-11,101,133394,fhi:git
2021-07-12,187,133581,fhi:git
2021-07-13,146,133727,fhi:git
2021-07-14,183,133910,fhi:git
2021-07-15,186,134096,fhi:git
2021-07-16,226,134322,fhi:git
2021-07-17,111,134433,fhi:git
2021-07-18,143,134576,fhi:git
2021-07-19,229,134805,fhi:git
2021-07-20,174,134979,fhi:git
2021-07-21,260,135239,fhi:git
2021-07-22,215,135454,fhi:git
2021-07-23,251,135705,fhi:git
2021-07-24,175,135880,fhi:git
2021-07-25,199,136079,fhi:git
2021-07-26,315,136394,fhi:git
2021-07-27,349,136743,fhi:git
2021-07-28,422,137165,fhi:git
2021-07-29,346,137511,fhi:git
2021-07-30,352,137863,fhi:git
2021-07-31,248,138111,fhi:git
2021-08-01,240,138351,fhi:git
2021-08-02,455,138806,fhi:git
2021-08-03,446,139252,fhi:git
2021-08-04,499,139751,fhi:git
2021-08-05,462,140213,fhi:git
2021-08-06,477,140690,fhi:git
2021-08-07,323,141013,fhi:git
2021-08-08,330,141343,fhi:git
2021-08-09,668,142011,fhi:git
2021-08-10,576,142587,fhi:git
2021-08-11,609,143196,fhi:git
2021-08-12,539,143735,fhi:git
2021-08-13,544,144279,fhi:git
2021-08-14,434,144713,fhi:git
2021-08-15,375,145088,fhi:git
2021-08-16,625,145713,fhi:git
2021-08-17,637,146350,fhi:git
2021-08-18,688,147038,fhi:git
2021-08-19,668,147706,fhi:git
2021-08-20,740,148446,fhi:git
2021-08-21,592,149038,fhi:git
2021-08-22,554,149592,fhi:git
2021-08-23,1179,150771,fhi:git
2021-08-24,1335,152106,fhi:git
2021-08-25,1415,153521,fhi:git
2021-08-26,1392,154913,fhi:git
2021-08-27,1431,156344,fhi:git
2021-08-28,999,157343,fhi:git
2021-08-29,955,158298,fhi:git
2021-08-30,1847,160145,fhi:git
2021-08-31,1616,161761,fhi:git
2021-09-01,1610,163371,fhi:git
2021-09-02,1521,164892,fhi:git
2021-09-03,1541,166433,fhi:git
2021-09-04,992,167425,fhi:git
2021-09-05,953,168378,fhi:git
2021-09-06,1780,170158,fhi:git
2021-09-07,1437,171595,fhi:git
2021-09-08,1376,172971,fhi:git
2021-09-09,1318,174289,fhi:git
2021-09-10,1147,175436,fhi:git
2021-09-11,485,175921,fhi:git
2021-09-12,213,176134,fhi:git
2021-09-13,432,176574,msis:api
2021-09-14,0,176574,local:cron
