date,new,total,source
2020-02-21,1,1,fhi:git
2020-02-22,0,1,fhi:git
2020-02-23,0,1,fhi:git
2020-02-24,0,1,fhi:git
2020-02-25,0,1,fhi:git
2020-02-26,3,4,fhi:git
2020-02-27,2,6,fhi:git
2020-02-28,9,15,fhi:git
2020-02-29,6,21,fhi:git
2020-03-01,10,31,fhi:git
2020-03-02,12,43,fhi:git
2020-03-03,31,74,fhi:git
2020-03-04,33,107,fhi:git
2020-03-05,33,140,fhi:git
2020-03-06,24,164,fhi:git
2020-03-07,19,183,fhi:git
2020-03-08,65,248,fhi:git
2020-03-09,247,495,fhi:git
2020-03-10,241,736,fhi:git
2020-03-11,175,911,fhi:git
2020-03-12,206,1117,fhi:git
2020-03-13,147,1264,fhi:git
2020-03-14,100,1364,fhi:git
2020-03-15,99,1463,fhi:git
2020-03-16,180,1643,fhi:git
2020-03-17,176,1819,fhi:git
2020-03-18,213,2032,fhi:git
2020-03-19,239,2271,fhi:git
2020-03-20,308,2579,fhi:git
2020-03-21,174,2753,fhi:git
2020-03-22,148,2901,fhi:git
2020-03-23,296,3197,fhi:git
2020-03-24,313,3510,fhi:git
2020-03-25,292,3802,fhi:git
2020-03-26,298,4100,fhi:git
2020-03-27,262,4362,fhi:git
2020-03-28,166,4528,fhi:git
2020-03-29,106,4634,fhi:git
2020-03-30,264,4898,fhi:git
2020-03-31,208,5106,fhi:git
2020-04-01,198,5304,fhi:git
2020-04-02,198,5502,fhi:git
2020-04-03,164,5666,fhi:git
2020-04-04,88,5754,fhi:git
2020-04-05,72,5826,fhi:git
2020-04-06,159,5985,fhi:git
2020-04-07,140,6125,fhi:git
2020-04-08,106,6231,fhi:git
2020-04-09,103,6334,fhi:git
2020-04-10,68,6402,fhi:git
2020-04-11,110,6512,fhi:git
2020-04-12,76,6588,fhi:git
2020-04-13,77,6665,fhi:git
2020-04-14,122,6787,fhi:git
2020-04-15,103,6890,fhi:git
2020-04-16,80,6970,fhi:git
2020-04-17,108,7078,fhi:git
2020-04-18,49,7127,fhi:git
2020-04-19,36,7163,fhi:git
2020-04-20,84,7247,fhi:git
2020-04-21,78,7325,fhi:git
2020-04-22,77,7402,fhi:git
2020-04-23,69,7471,fhi:git
2020-04-24,53,7524,fhi:git
2020-04-25,25,7549,fhi:git
2020-04-26,37,7586,fhi:git
2020-04-27,71,7657,fhi:git
2020-04-28,50,7707,fhi:git
2020-04-29,39,7746,fhi:git
2020-04-30,39,7785,fhi:git
2020-05-01,43,7828,fhi:git
2020-05-02,23,7851,fhi:git
2020-05-03,44,7895,fhi:git
2020-05-04,45,7940,fhi:git
2020-05-05,44,7984,fhi:git
2020-05-06,39,8023,fhi:git
2020-05-07,29,8052,fhi:git
2020-05-08,42,8094,fhi:git
2020-05-09,11,8105,fhi:git
2020-05-10,12,8117,fhi:git
2020-05-11,25,8142,fhi:git
2020-05-12,19,8161,fhi:git
2020-05-13,19,8180,fhi:git
2020-05-14,24,8204,fhi:git
2020-05-15,23,8227,fhi:git
2020-05-16,13,8240,fhi:git
2020-05-17,4,8244,fhi:git
2020-05-18,17,8261,fhi:git
2020-05-19,20,8281,fhi:git
2020-05-20,19,8300,fhi:git
2020-05-21,14,8314,fhi:git
2020-05-22,26,8340,fhi:git
2020-05-23,6,8346,fhi:git
2020-05-24,6,8352,fhi:git
2020-05-25,18,8370,fhi:git
2020-05-26,12,8382,fhi:git
2020-05-27,18,8400,fhi:git
2020-05-28,16,8416,fhi:git
2020-05-29,16,8432,fhi:git
2020-05-30,0,8432,fhi:git
2020-05-31,6,8438,fhi:git
2020-06-01,7,8445,fhi:git
2020-06-02,31,8476,fhi:git
2020-06-03,12,8488,fhi:git
2020-06-04,17,8505,fhi:git
2020-06-05,30,8535,fhi:git
2020-06-06,8,8543,fhi:git
2020-06-07,9,8552,fhi:git
2020-06-08,19,8571,fhi:git
2020-06-09,13,8584,fhi:git
2020-06-10,14,8598,fhi:git
2020-06-11,11,8609,fhi:git
2020-06-12,13,8622,fhi:git
2020-06-13,7,8629,fhi:git
2020-06-14,6,8635,fhi:git
2020-06-15,18,8653,fhi:git
2020-06-16,36,8689,fhi:git
2020-06-17,15,8704,fhi:git
2020-06-18,13,8717,fhi:git
2020-06-19,18,8735,fhi:git
2020-06-20,6,8741,fhi:git
2020-06-21,4,8745,fhi:git
2020-06-22,28,8773,fhi:git
2020-06-23,13,8786,fhi:git
2020-06-24,21,8807,fhi:git
2020-06-25,17,8824,fhi:git
2020-06-26,22,8846,fhi:git
2020-06-27,10,8856,fhi:git
2020-06-28,1,8857,fhi:git
2020-06-29,26,8883,fhi:git
2020-06-30,11,8894,fhi:git
2020-07-01,8,8902,fhi:git
2020-07-02,9,8911,fhi:git
2020-07-03,10,8921,fhi:git
2020-07-04,2,8923,fhi:git
2020-07-05,1,8924,fhi:git
2020-07-06,14,8938,fhi:git
2020-07-07,10,8948,fhi:git
2020-07-08,11,8959,fhi:git
2020-07-09,8,8967,fhi:git
2020-07-10,13,8980,fhi:git
2020-07-11,4,8984,fhi:git
2020-07-12,5,8989,fhi:git
2020-07-13,19,9008,fhi:git
2020-07-14,8,9016,fhi:git
2020-07-15,6,9022,fhi:git
2020-07-16,4,9026,fhi:git
2020-07-17,12,9038,fhi:git
2020-07-18,1,9039,fhi:git
2020-07-19,3,9042,fhi:git
2020-07-20,21,9063,fhi:git
2020-07-21,6,9069,fhi:git
2020-07-22,22,9091,fhi:git
2020-07-23,6,9097,fhi:git
2020-07-24,24,9121,fhi:git
2020-07-25,6,9127,fhi:git
2020-07-26,9,9136,fhi:git
2020-07-27,24,9160,fhi:git
2020-07-28,16,9176,fhi:git
2020-07-29,37,9213,fhi:git
2020-07-30,23,9236,fhi:git
2020-07-31,72,9308,fhi:git
2020-08-01,14,9322,fhi:git
2020-08-02,13,9335,fhi:git
2020-08-03,38,9373,fhi:git
2020-08-04,40,9413,fhi:git
2020-08-05,66,9479,fhi:git
2020-08-06,79,9558,fhi:git
2020-08-07,80,9638,fhi:git
2020-08-08,35,9673,fhi:git
2020-08-09,34,9707,fhi:git
2020-08-10,63,9770,fhi:git
2020-08-11,43,9813,fhi:git
2020-08-12,63,9876,fhi:git
2020-08-13,54,9930,fhi:git
2020-08-14,76,10006,fhi:git
2020-08-15,44,10050,fhi:git
2020-08-16,27,10077,fhi:git
2020-08-17,74,10151,fhi:git
2020-08-18,58,10209,fhi:git
2020-08-19,60,10269,fhi:git
2020-08-20,50,10319,fhi:git
2020-08-21,53,10372,fhi:git
2020-08-22,45,10417,fhi:git
2020-08-23,19,10436,fhi:git
2020-08-24,67,10503,fhi:git
2020-08-25,42,10545,fhi:git
2020-08-26,40,10585,fhi:git
2020-08-27,52,10637,fhi:git
2020-08-28,84,10721,fhi:git
2020-08-29,42,10763,fhi:git
2020-08-30,50,10813,fhi:git
2020-08-31,148,10961,fhi:git
2020-09-01,115,11076,fhi:git
2020-09-02,101,11177,fhi:git
2020-09-03,125,11302,fhi:git
2020-09-04,119,11421,fhi:git
2020-09-05,73,11494,fhi:git
2020-09-06,60,11554,fhi:git
2020-09-07,132,11686,fhi:git
2020-09-08,113,11799,fhi:git
2020-09-09,124,11923,fhi:git
2020-09-10,132,12055,fhi:git
2020-09-11,119,12174,fhi:git
2020-09-12,67,12241,fhi:git
2020-09-13,78,12319,fhi:git
2020-09-14,104,12423,fhi:git
2020-09-15,132,12555,fhi:git
2020-09-16,137,12692,fhi:git
2020-09-17,117,12809,fhi:git
2020-09-18,94,12903,fhi:git
2020-09-19,58,12961,fhi:git
2020-09-20,77,13038,fhi:git
2020-09-21,163,13201,fhi:git
2020-09-22,101,13302,fhi:git
2020-09-23,143,13445,fhi:git
2020-09-24,133,13578,fhi:git
2020-09-25,130,13708,fhi:git
2020-09-26,63,13771,fhi:git
2020-09-27,54,13825,fhi:git
2020-09-28,124,13949,fhi:git
2020-09-29,110,14059,fhi:git
2020-09-30,120,14179,fhi:git
2020-10-01,131,14310,fhi:git
2020-10-02,134,14444,fhi:git
2020-10-03,110,14554,fhi:git
2020-10-04,89,14643,fhi:git
2020-10-05,209,14852,fhi:git
2020-10-06,198,15050,fhi:git
2020-10-07,199,15249,fhi:git
2020-10-08,168,15417,fhi:git
2020-10-09,141,15558,fhi:git
2020-10-10,65,15623,fhi:git
2020-10-11,78,15701,fhi:git
2020-10-12,167,15868,fhi:git
2020-10-13,155,16023,fhi:git
2020-10-14,162,16185,fhi:git
2020-10-15,141,16326,fhi:git
2020-10-16,137,16463,fhi:git
2020-10-17,88,16551,fhi:git
2020-10-18,93,16644,fhi:git
2020-10-19,219,16863,fhi:git
2020-10-20,183,17046,fhi:git
2020-10-21,221,17267,fhi:git
2020-10-22,285,17552,fhi:git
2020-10-23,367,17919,fhi:git
2020-10-24,231,18150,fhi:git
2020-10-25,202,18352,fhi:git
2020-10-26,487,18839,fhi:git
2020-10-27,391,19230,fhi:git
2020-10-28,514,19744,fhi:git
2020-10-29,431,20175,fhi:git
2020-10-30,616,20791,fhi:git
2020-10-31,385,21176,fhi:git
2020-11-01,323,21499,fhi:git
2020-11-02,647,22146,fhi:git
2020-11-03,682,22828,fhi:git
2020-11-04,690,23518,fhi:git
2020-11-05,602,24120,fhi:git
2020-11-06,650,24770,fhi:git
2020-11-07,388,25158,fhi:git
2020-11-08,385,25543,fhi:git
2020-11-09,706,26249,fhi:git
2020-11-10,603,26852,fhi:git
2020-11-11,662,27514,fhi:git
2020-11-12,637,28151,fhi:git
2020-11-13,697,28848,fhi:git
2020-11-14,379,29227,fhi:git
2020-11-15,405,29632,fhi:git
2020-11-16,721,30353,fhi:git
2020-11-17,635,30988,fhi:git
2020-11-18,652,31640,fhi:git
2020-11-19,564,32204,fhi:git
2020-11-20,519,32723,fhi:git
2020-11-21,288,33011,fhi:git
2020-11-22,279,33290,fhi:git
2020-11-23,609,33899,fhi:git
2020-11-24,415,34314,fhi:git
2020-11-25,513,34827,fhi:git
2020-11-26,477,35304,fhi:git
2020-11-27,447,35751,fhi:git
2020-11-28,236,35987,fhi:git
2020-11-29,228,36215,fhi:git
2020-11-30,448,36663,fhi:git
2020-12-01,362,37025,fhi:git
2020-12-02,420,37445,fhi:git
2020-12-03,400,37845,fhi:git
2020-12-04,381,38226,fhi:git
2020-12-05,252,38478,fhi:git
2020-12-06,262,38740,fhi:git
2020-12-07,500,39240,fhi:git
2020-12-08,392,39632,fhi:git
2020-12-09,453,40085,fhi:git
2020-12-10,435,40520,fhi:git
2020-12-11,403,40923,fhi:git
2020-12-12,256,41179,fhi:git
2020-12-13,285,41464,fhi:git
2020-12-14,544,42008,fhi:git
2020-12-15,440,42448,fhi:git
2020-12-16,450,42898,fhi:git
2020-12-17,431,43329,fhi:git
2020-12-18,475,43804,fhi:git
2020-12-19,309,44113,fhi:git
2020-12-20,299,44412,fhi:git
2020-12-21,621,45033,fhi:git
2020-12-22,560,45593,fhi:git
2020-12-23,586,46179,fhi:git
2020-12-24,292,46471,fhi:git
2020-12-25,293,46764,fhi:git
2020-12-26,466,47230,fhi:git
2020-12-27,424,47654,fhi:git
2020-12-28,778,48432,fhi:git
2020-12-29,699,49131,fhi:git
2020-12-30,639,49770,fhi:git
2020-12-31,434,50204,fhi:git
2021-01-01,345,50549,fhi:git
2021-01-02,525,51074,fhi:git
2021-01-03,444,51518,fhi:git
2021-01-04,937,52455,fhi:git
2021-01-05,788,53243,fhi:git
2021-01-06,710,53953,fhi:git
2021-01-07,736,54689,fhi:git
2021-01-08,650,55339,fhi:git
2021-01-09,414,55753,fhi:git
2021-01-10,435,56188,fhi:git
2021-01-11,638,56826,fhi:git
2021-01-12,562,57388,fhi:git
2021-01-13,461,57849,fhi:git
2021-01-14,454,58303,fhi:git
2021-01-15,397,58700,fhi:git
2021-01-16,267,58967,fhi:git
2021-01-17,226,59193,fhi:git
2021-01-18,446,59639,fhi:git
2021-01-19,342,59981,fhi:git
2021-01-20,354,60335,fhi:git
2021-01-21,345,60680,fhi:git
2021-01-22,331,61011,fhi:git
2021-01-23,212,61223,fhi:git
2021-01-24,189,61412,fhi:git
2021-01-25,387,61799,fhi:git
2021-01-26,276,62075,fhi:git
2021-01-27,344,62419,fhi:git
2021-01-28,285,62704,fhi:git
2021-01-29,295,62999,fhi:git
2021-01-30,175,63174,fhi:git
2021-01-31,182,63356,fhi:git
2021-02-01,319,63675,fhi:git
2021-02-02,294,63969,fhi:git
2021-02-03,325,64294,fhi:git
2021-02-04,253,64547,fhi:git
2021-02-05,288,64835,fhi:git
2021-02-06,198,65033,fhi:git
2021-02-07,167,65200,fhi:git
2021-02-08,301,65501,fhi:git
2021-02-09,270,65771,fhi:git
2021-02-10,310,66081,fhi:git
2021-02-11,262,66343,fhi:git
2021-02-12,247,66590,fhi:git
2021-02-13,184,66774,fhi:git
2021-02-14,160,66934,fhi:git
2021-02-15,332,67266,fhi:git
2021-02-16,305,67571,fhi:git
2021-02-17,320,67891,fhi:git
2021-02-18,301,68192,fhi:git
2021-02-19,338,68530,fhi:git
2021-02-20,215,68745,fhi:git
2021-02-21,221,68966,fhi:git
2021-02-22,410,69376,fhi:git
2021-02-23,445,69821,fhi:git
2021-02-24,461,70282,fhi:git
2021-02-25,527,70809,fhi:git
2021-02-26,493,71302,fhi:git
2021-02-27,381,71683,fhi:git
2021-02-28,391,72074,fhi:git
2021-03-01,551,72625,fhi:git
2021-03-02,638,73263,fhi:git
2021-03-03,659,73922,fhi:git
2021-03-04,601,74523,fhi:git
2021-03-05,703,75226,fhi:git
2021-03-06,465,75691,fhi:git
2021-03-07,572,76263,fhi:git
2021-03-08,845,77108,fhi:git
2021-03-09,798,77906,fhi:git
2021-03-10,854,78760,fhi:git
2021-03-11,782,79542,fhi:git
2021-03-12,950,80492,fhi:git
2021-03-13,736,81228,fhi:git
2021-03-14,698,81926,fhi:git
2021-03-15,1106,83032,fhi:git
2021-03-16,1007,84039,fhi:git
2021-03-17,1059,85098,fhi:git
2021-03-18,1044,86142,fhi:git
2021-03-19,1000,87142,fhi:git
2021-03-20,710,87852,fhi:git
2021-03-21,649,88501,fhi:git
2021-03-22,1107,89608,fhi:git
2021-03-23,966,90574,fhi:git
2021-03-24,1001,91575,fhi:git
2021-03-25,871,92446,fhi:git
2021-03-26,895,93341,fhi:git
2021-03-27,602,93943,fhi:git
2021-03-28,477,94420,fhi:git
2021-03-29,865,95285,fhi:git
2021-03-30,849,96134,fhi:git
2021-03-31,805,96939,fhi:git
2021-04-01,624,97563,fhi:git
2021-04-02,699,98262,fhi:git
2021-04-03,612,98874,fhi:git
2021-04-04,653,99527,fhi:git
2021-04-05,716,100243,fhi:git
2021-04-06,888,101131,fhi:git
2021-04-07,848,101979,fhi:git
2021-04-08,769,102748,fhi:git
2021-04-09,712,103460,fhi:git
2021-04-10,496,103956,fhi:git
2021-04-11,395,104351,fhi:git
2021-04-12,738,105089,fhi:git
2021-04-13,594,105683,fhi:git
2021-04-14,601,106284,fhi:git
2021-04-15,549,106833,fhi:git
2021-04-16,579,107412,fhi:git
2021-04-17,331,107743,fhi:git
2021-04-18,345,108088,fhi:git
2021-04-19,575,108663,fhi:git
2021-04-20,532,109195,fhi:git
2021-04-21,538,109733,fhi:git
2021-04-22,463,110196,fhi:git
2021-04-23,509,110705,fhi:git
2021-04-24,287,110992,fhi:git
2021-04-25,317,111309,fhi:git
2021-04-26,502,111811,fhi:git
2021-04-27,481,112292,fhi:git
2021-04-28,419,112711,fhi:git
2021-04-29,414,113125,fhi:git
2021-04-30,441,113566,fhi:git
2021-05-01,251,113817,fhi:git
2021-05-02,296,114113,fhi:git
2021-05-03,511,114624,fhi:git
2021-05-04,463,115087,fhi:git
2021-05-05,494,115581,fhi:git
2021-05-06,509,116090,fhi:git
2021-05-07,438,116528,fhi:git
2021-05-08,352,116880,fhi:git
2021-05-09,351,117231,fhi:git
2021-05-10,523,117754,fhi:git
2021-05-11,427,118181,fhi:git
2021-05-12,379,118560,fhi:git
2021-05-13,298,118858,fhi:git
2021-05-14,415,119273,fhi:git
2021-05-15,240,119513,fhi:git
2021-05-16,278,119791,fhi:git
2021-05-17,183,119974,fhi:git
2021-05-18,542,120516,fhi:git
2021-05-19,541,121057,fhi:git
2021-05-20,603,121660,fhi:git
2021-05-21,668,122328,fhi:git
2021-05-22,352,122680,fhi:git
2021-05-23,338,123018,fhi:git
2021-05-24,383,123401,fhi:git
2021-05-25,427,123828,fhi:git
2021-05-26,363,124191,fhi:git
2021-05-27,384,124575,fhi:git
2021-05-28,347,124922,fhi:git
2021-05-29,199,125121,fhi:git
2021-05-30,185,125306,fhi:git
2021-05-31,344,125650,fhi:git
2021-06-01,387,126037,fhi:git
2021-06-02,293,126330,fhi:git
2021-06-03,282,126612,fhi:git
2021-06-04,262,126874,fhi:git
2021-06-05,145,127019,fhi:git
2021-06-06,150,127169,fhi:git
2021-06-07,203,127372,fhi:git
2021-06-08,215,127587,fhi:git
2021-06-09,207,127794,fhi:git
2021-06-10,202,127996,fhi:git
2021-06-11,154,128150,fhi:git
2021-06-12,129,128279,fhi:git
2021-06-13,111,128390,fhi:git
2021-06-14,207,128597,fhi:git
2021-06-15,195,128792,fhi:git
2021-06-16,215,129007,fhi:git
2021-06-17,197,129204,fhi:git
2021-06-18,172,129376,fhi:git
2021-06-19,153,129529,fhi:git
2021-06-20,115,129644,fhi:git
2021-06-21,205,129849,fhi:git
2021-06-22,266,130115,fhi:git
2021-06-23,239,130354,fhi:git
2021-06-24,174,130528,fhi:git
2021-06-25,175,130703,fhi:git
2021-06-26,106,130809,fhi:git
2021-06-27,106,130915,fhi:git
2021-06-28,226,131141,fhi:git
2021-06-29,213,131354,fhi:git
2021-06-30,261,131615,fhi:git
2021-07-01,197,131812,fhi:git
2021-07-02,186,131998,fhi:git
2021-07-03,99,132097,fhi:git
2021-07-04,123,132220,fhi:git
2021-07-05,207,132427,fhi:git
2021-07-06,200,132627,fhi:git
2021-07-07,204,132831,fhi:git
2021-07-08,183,133014,fhi:git
2021-07-09,175,133189,fhi:git
2021-07-10,108,133297,fhi:git
2021-07-11,101,133398,fhi:git
2021-07-12,187,133585,fhi:git
2021-07-13,146,133731,fhi:git
2021-07-14,183,133914,fhi:git
2021-07-15,186,134100,fhi:git
2021-07-16,226,134326,fhi:git
2021-07-17,111,134437,fhi:git
2021-07-18,143,134580,fhi:git
2021-07-19,229,134809,fhi:git
2021-07-20,174,134983,fhi:git
2021-07-21,260,135243,fhi:git
2021-07-22,215,135458,fhi:git
2021-07-23,251,135709,fhi:git
2021-07-24,175,135884,fhi:git
2021-07-25,199,136083,fhi:git
2021-07-26,315,136398,fhi:git
2021-07-27,349,136747,fhi:git
2021-07-28,422,137169,fhi:git
2021-07-29,346,137515,fhi:git
2021-07-30,353,137868,fhi:git
2021-07-31,249,138117,fhi:git
2021-08-01,241,138358,fhi:git
2021-08-02,455,138813,fhi:git
2021-08-03,446,139259,fhi:git
2021-08-04,499,139758,fhi:git
2021-08-05,462,140220,fhi:git
2021-08-06,477,140697,fhi:git
2021-08-07,322,141019,fhi:git
2021-08-08,330,141349,fhi:git
2021-08-09,668,142017,fhi:git
2021-08-10,576,142593,fhi:git
2021-08-11,610,143203,fhi:git
2021-08-12,539,143742,fhi:git
2021-08-13,544,144286,fhi:git
2021-08-14,434,144720,fhi:git
2021-08-15,375,145095,fhi:git
2021-08-16,625,145720,fhi:git
2021-08-17,637,146357,fhi:git
2021-08-18,689,147046,fhi:git
2021-08-19,668,147714,fhi:git
2021-08-20,740,148454,fhi:git
2021-08-21,592,149046,fhi:git
2021-08-22,554,149600,fhi:git
2021-08-23,1179,150779,fhi:git
2021-08-24,1334,152113,fhi:git
2021-08-25,1415,153528,fhi:git
2021-08-26,1392,154920,fhi:git
2021-08-27,1433,156353,fhi:git
2021-08-28,1000,157353,fhi:git
2021-08-29,955,158308,fhi:git
2021-08-30,1853,160161,fhi:git
2021-08-31,1621,161782,fhi:git
2021-09-01,1611,163393,fhi:git
2021-09-02,1522,164915,fhi:git
2021-09-03,1545,166460,fhi:git
2021-09-04,992,167452,fhi:git
2021-09-05,954,168406,fhi:git
2021-09-06,1783,170189,fhi:git
2021-09-07,1438,171627,fhi:git
2021-09-08,1379,173006,fhi:git
2021-09-09,1325,174331,fhi:git
2021-09-10,1183,175514,fhi:git
2021-09-11,664,176178,fhi:git
2021-09-12,776,176954,fhi:git
2021-09-13,1313,178267,fhi:git
2021-09-14,1010,179277,fhi:git
2021-09-15,919,180196,fhi:git
2021-09-16,808,181004,fhi:git
2021-09-17,684,181688,fhi:git
2021-09-18,508,182196,fhi:git
2021-09-19,480,182676,fhi:git
2021-09-20,987,183663,fhi:git
2021-09-21,701,184364,fhi:git
2021-09-22,726,185090,fhi:git
2021-09-23,758,185848,fhi:git
2021-09-24,647,186495,fhi:git
2021-09-25,396,186891,fhi:git
2021-09-26,369,187260,fhi:git
2021-09-27,331,187591,fhi:git
2021-09-28,348,187941,msis:api
