date,new,total,source
2020-02-21,1,1,fhi:git
2020-02-22,0,1,fhi:git
2020-02-23,0,1,fhi:git
2020-02-24,0,1,fhi:git
2020-02-25,0,1,fhi:git
2020-02-26,3,4,fhi:git
2020-02-27,2,6,fhi:git
2020-02-28,9,15,fhi:git
2020-02-29,6,21,fhi:git
2020-03-01,10,31,fhi:git
2020-03-02,12,43,fhi:git
2020-03-03,31,74,fhi:git
2020-03-04,33,107,fhi:git
2020-03-05,33,140,fhi:git
2020-03-06,24,164,fhi:git
2020-03-07,19,183,fhi:git
2020-03-08,65,248,fhi:git
2020-03-09,247,495,fhi:git
2020-03-10,241,736,fhi:git
2020-03-11,175,911,fhi:git
2020-03-12,206,1117,fhi:git
2020-03-13,147,1264,fhi:git
2020-03-14,100,1364,fhi:git
2020-03-15,99,1463,fhi:git
2020-03-16,180,1643,fhi:git
2020-03-17,176,1819,fhi:git
2020-03-18,213,2032,fhi:git
2020-03-19,239,2271,fhi:git
2020-03-20,309,2580,fhi:git
2020-03-21,174,2754,fhi:git
2020-03-22,148,2902,fhi:git
2020-03-23,296,3198,fhi:git
2020-03-24,313,3511,fhi:git
2020-03-25,292,3803,fhi:git
2020-03-26,298,4101,fhi:git
2020-03-27,262,4363,fhi:git
2020-03-28,166,4529,fhi:git
2020-03-29,106,4635,fhi:git
2020-03-30,264,4899,fhi:git
2020-03-31,208,5107,fhi:git
2020-04-01,198,5305,fhi:git
2020-04-02,198,5503,fhi:git
2020-04-03,164,5667,fhi:git
2020-04-04,88,5755,fhi:git
2020-04-05,72,5827,fhi:git
2020-04-06,159,5986,fhi:git
2020-04-07,140,6126,fhi:git
2020-04-08,106,6232,fhi:git
2020-04-09,103,6335,fhi:git
2020-04-10,68,6403,fhi:git
2020-04-11,110,6513,fhi:git
2020-04-12,77,6590,fhi:git
2020-04-13,77,6667,fhi:git
2020-04-14,122,6789,fhi:git
2020-04-15,103,6892,fhi:git
2020-04-16,80,6972,fhi:git
2020-04-17,108,7080,fhi:git
2020-04-18,49,7129,fhi:git
2020-04-19,36,7165,fhi:git
2020-04-20,84,7249,fhi:git
2020-04-21,78,7327,fhi:git
2020-04-22,77,7404,fhi:git
2020-04-23,69,7473,fhi:git
2020-04-24,53,7526,fhi:git
2020-04-25,25,7551,fhi:git
2020-04-26,37,7588,fhi:git
2020-04-27,71,7659,fhi:git
2020-04-28,50,7709,fhi:git
2020-04-29,39,7748,fhi:git
2020-04-30,39,7787,fhi:git
2020-05-01,43,7830,fhi:git
2020-05-02,23,7853,fhi:git
2020-05-03,44,7897,fhi:git
2020-05-04,45,7942,fhi:git
2020-05-05,44,7986,fhi:git
2020-05-06,39,8025,fhi:git
2020-05-07,29,8054,fhi:git
2020-05-08,42,8096,fhi:git
2020-05-09,11,8107,fhi:git
2020-05-10,12,8119,fhi:git
2020-05-11,25,8144,fhi:git
2020-05-12,19,8163,fhi:git
2020-05-13,19,8182,fhi:git
2020-05-14,24,8206,fhi:git
2020-05-15,23,8229,fhi:git
2020-05-16,13,8242,fhi:git
2020-05-17,4,8246,fhi:git
2020-05-18,17,8263,fhi:git
2020-05-19,20,8283,fhi:git
2020-05-20,19,8302,fhi:git
2020-05-21,14,8316,fhi:git
2020-05-22,26,8342,fhi:git
2020-05-23,6,8348,fhi:git
2020-05-24,6,8354,fhi:git
2020-05-25,18,8372,fhi:git
2020-05-26,12,8384,fhi:git
2020-05-27,18,8402,fhi:git
2020-05-28,16,8418,fhi:git
2020-05-29,16,8434,fhi:git
2020-05-30,0,8434,fhi:git
2020-05-31,6,8440,fhi:git
2020-06-01,7,8447,fhi:git
2020-06-02,31,8478,fhi:git
2020-06-03,12,8490,fhi:git
2020-06-04,17,8507,fhi:git
2020-06-05,30,8537,fhi:git
2020-06-06,8,8545,fhi:git
2020-06-07,9,8554,fhi:git
2020-06-08,19,8573,fhi:git
2020-06-09,13,8586,fhi:git
2020-06-10,14,8600,fhi:git
2020-06-11,11,8611,fhi:git
2020-06-12,13,8624,fhi:git
2020-06-13,7,8631,fhi:git
2020-06-14,6,8637,fhi:git
2020-06-15,18,8655,fhi:git
2020-06-16,36,8691,fhi:git
2020-06-17,15,8706,fhi:git
2020-06-18,13,8719,fhi:git
2020-06-19,18,8737,fhi:git
2020-06-20,6,8743,fhi:git
2020-06-21,4,8747,fhi:git
2020-06-22,28,8775,fhi:git
2020-06-23,13,8788,fhi:git
2020-06-24,21,8809,fhi:git
2020-06-25,17,8826,fhi:git
2020-06-26,22,8848,fhi:git
2020-06-27,10,8858,fhi:git
2020-06-28,1,8859,fhi:git
2020-06-29,26,8885,fhi:git
2020-06-30,11,8896,fhi:git
2020-07-01,8,8904,fhi:git
2020-07-02,9,8913,fhi:git
2020-07-03,10,8923,fhi:git
2020-07-04,2,8925,fhi:git
2020-07-05,1,8926,fhi:git
2020-07-06,14,8940,fhi:git
2020-07-07,10,8950,fhi:git
2020-07-08,11,8961,fhi:git
2020-07-09,8,8969,fhi:git
2020-07-10,13,8982,fhi:git
2020-07-11,4,8986,fhi:git
2020-07-12,5,8991,fhi:git
2020-07-13,19,9010,fhi:git
2020-07-14,8,9018,fhi:git
2020-07-15,6,9024,fhi:git
2020-07-16,4,9028,fhi:git
2020-07-17,12,9040,fhi:git
2020-07-18,1,9041,fhi:git
2020-07-19,3,9044,fhi:git
2020-07-20,21,9065,fhi:git
2020-07-21,6,9071,fhi:git
2020-07-22,22,9093,fhi:git
2020-07-23,6,9099,fhi:git
2020-07-24,24,9123,fhi:git
2020-07-25,6,9129,fhi:git
2020-07-26,9,9138,fhi:git
2020-07-27,24,9162,fhi:git
2020-07-28,16,9178,fhi:git
2020-07-29,37,9215,fhi:git
2020-07-30,23,9238,fhi:git
2020-07-31,72,9310,fhi:git
2020-08-01,14,9324,fhi:git
2020-08-02,13,9337,fhi:git
2020-08-03,38,9375,fhi:git
2020-08-04,40,9415,fhi:git
2020-08-05,66,9481,fhi:git
2020-08-06,79,9560,fhi:git
2020-08-07,80,9640,fhi:git
2020-08-08,35,9675,fhi:git
2020-08-09,34,9709,fhi:git
2020-08-10,63,9772,fhi:git
2020-08-11,43,9815,fhi:git
2020-08-12,63,9878,fhi:git
2020-08-13,54,9932,fhi:git
2020-08-14,76,10008,fhi:git
2020-08-15,44,10052,fhi:git
2020-08-16,27,10079,fhi:git
2020-08-17,74,10153,fhi:git
2020-08-18,58,10211,fhi:git
2020-08-19,60,10271,fhi:git
2020-08-20,51,10322,fhi:git
2020-08-21,53,10375,fhi:git
2020-08-22,45,10420,fhi:git
2020-08-23,19,10439,fhi:git
2020-08-24,67,10506,fhi:git
2020-08-25,42,10548,fhi:git
2020-08-26,40,10588,fhi:git
2020-08-27,52,10640,fhi:git
2020-08-28,84,10724,fhi:git
2020-08-29,42,10766,fhi:git
2020-08-30,50,10816,fhi:git
2020-08-31,148,10964,fhi:git
2020-09-01,115,11079,fhi:git
2020-09-02,101,11180,fhi:git
2020-09-03,125,11305,fhi:git
2020-09-04,119,11424,fhi:git
2020-09-05,73,11497,fhi:git
2020-09-06,60,11557,fhi:git
2020-09-07,132,11689,fhi:git
2020-09-08,113,11802,fhi:git
2020-09-09,124,11926,fhi:git
2020-09-10,132,12058,fhi:git
2020-09-11,119,12177,fhi:git
2020-09-12,67,12244,fhi:git
2020-09-13,78,12322,fhi:git
2020-09-14,104,12426,fhi:git
2020-09-15,133,12559,fhi:git
2020-09-16,137,12696,fhi:git
2020-09-17,117,12813,fhi:git
2020-09-18,94,12907,fhi:git
2020-09-19,58,12965,fhi:git
2020-09-20,77,13042,fhi:git
2020-09-21,163,13205,fhi:git
2020-09-22,101,13306,fhi:git
2020-09-23,143,13449,fhi:git
2020-09-24,133,13582,fhi:git
2020-09-25,130,13712,fhi:git
2020-09-26,63,13775,fhi:git
2020-09-27,54,13829,fhi:git
2020-09-28,124,13953,fhi:git
2020-09-29,110,14063,fhi:git
2020-09-30,120,14183,fhi:git
2020-10-01,131,14314,fhi:git
2020-10-02,134,14448,fhi:git
2020-10-03,110,14558,fhi:git
2020-10-04,89,14647,fhi:git
2020-10-05,209,14856,fhi:git
2020-10-06,198,15054,fhi:git
2020-10-07,199,15253,fhi:git
2020-10-08,168,15421,fhi:git
2020-10-09,141,15562,fhi:git
2020-10-10,65,15627,fhi:git
2020-10-11,78,15705,fhi:git
2020-10-12,167,15872,fhi:git
2020-10-13,155,16027,fhi:git
2020-10-14,162,16189,fhi:git
2020-10-15,141,16330,fhi:git
2020-10-16,137,16467,fhi:git
2020-10-17,88,16555,fhi:git
2020-10-18,93,16648,fhi:git
2020-10-19,219,16867,fhi:git
2020-10-20,183,17050,fhi:git
2020-10-21,221,17271,fhi:git
2020-10-22,285,17556,fhi:git
2020-10-23,368,17924,fhi:git
2020-10-24,231,18155,fhi:git
2020-10-25,202,18357,fhi:git
2020-10-26,487,18844,fhi:git
2020-10-27,391,19235,fhi:git
2020-10-28,515,19750,fhi:git
2020-10-29,431,20181,fhi:git
2020-10-30,617,20798,fhi:git
2020-10-31,385,21183,fhi:git
2020-11-01,323,21506,fhi:git
2020-11-02,647,22153,fhi:git
2020-11-03,683,22836,fhi:git
2020-11-04,690,23526,fhi:git
2020-11-05,602,24128,fhi:git
2020-11-06,650,24778,fhi:git
2020-11-07,388,25166,fhi:git
2020-11-08,385,25551,fhi:git
2020-11-09,707,26258,fhi:git
2020-11-10,603,26861,fhi:git
2020-11-11,662,27523,fhi:git
2020-11-12,637,28160,fhi:git
2020-11-13,697,28857,fhi:git
2020-11-14,379,29236,fhi:git
2020-11-15,405,29641,fhi:git
2020-11-16,722,30363,fhi:git
2020-11-17,635,30998,fhi:git
2020-11-18,652,31650,fhi:git
2020-11-19,564,32214,fhi:git
2020-11-20,519,32733,fhi:git
2020-11-21,288,33021,fhi:git
2020-11-22,279,33300,fhi:git
2020-11-23,610,33910,fhi:git
2020-11-24,415,34325,fhi:git
2020-11-25,513,34838,fhi:git
2020-11-26,477,35315,fhi:git
2020-11-27,447,35762,fhi:git
2020-11-28,236,35998,fhi:git
2020-11-29,228,36226,fhi:git
2020-11-30,448,36674,fhi:git
2020-12-01,362,37036,fhi:git
2020-12-02,420,37456,fhi:git
2020-12-03,400,37856,fhi:git
2020-12-04,382,38238,fhi:git
2020-12-05,252,38490,fhi:git
2020-12-06,262,38752,fhi:git
2020-12-07,500,39252,fhi:git
2020-12-08,392,39644,fhi:git
2020-12-09,453,40097,fhi:git
2020-12-10,435,40532,fhi:git
2020-12-11,403,40935,fhi:git
2020-12-12,256,41191,fhi:git
2020-12-13,285,41476,fhi:git
2020-12-14,544,42020,fhi:git
2020-12-15,440,42460,fhi:git
2020-12-16,450,42910,fhi:git
2020-12-17,431,43341,fhi:git
2020-12-18,475,43816,fhi:git
2020-12-19,309,44125,fhi:git
2020-12-20,299,44424,fhi:git
2020-12-21,621,45045,fhi:git
2020-12-22,560,45605,fhi:git
2020-12-23,587,46192,fhi:git
2020-12-24,292,46484,fhi:git
2020-12-25,293,46777,fhi:git
2020-12-26,466,47243,fhi:git
2020-12-27,425,47668,fhi:git
2020-12-28,778,48446,fhi:git
2020-12-29,699,49145,fhi:git
2020-12-30,639,49784,fhi:git
2020-12-31,434,50218,fhi:git
2021-01-01,346,50564,fhi:git
2021-01-02,526,51090,fhi:git
2021-01-03,447,51537,fhi:git
2021-01-04,938,52475,fhi:git
2021-01-05,795,53270,fhi:git
2021-01-06,710,53980,fhi:git
2021-01-07,739,54719,fhi:git
2021-01-08,651,55370,fhi:git
2021-01-09,414,55784,fhi:git
2021-01-10,435,56219,fhi:git
2021-01-11,639,56858,fhi:git
2021-01-12,563,57421,fhi:git
2021-01-13,462,57883,fhi:git
2021-01-14,454,58337,fhi:git
2021-01-15,398,58735,fhi:git
2021-01-16,267,59002,fhi:git
2021-01-17,226,59228,fhi:git
2021-01-18,446,59674,fhi:git
2021-01-19,342,60016,fhi:git
2021-01-20,355,60371,fhi:git
2021-01-21,347,60718,fhi:git
2021-01-22,331,61049,fhi:git
2021-01-23,212,61261,fhi:git
2021-01-24,189,61450,fhi:git
2021-01-25,387,61837,fhi:git
2021-01-26,276,62113,fhi:git
2021-01-27,344,62457,fhi:git
2021-01-28,285,62742,fhi:git
2021-01-29,295,63037,fhi:git
2021-01-30,175,63212,fhi:git
2021-01-31,183,63395,fhi:git
2021-02-01,319,63714,fhi:git
2021-02-02,294,64008,fhi:git
2021-02-03,325,64333,fhi:git
2021-02-04,253,64586,fhi:git
2021-02-05,288,64874,fhi:git
2021-02-06,198,65072,fhi:git
2021-02-07,167,65239,fhi:git
2021-02-08,301,65540,fhi:git
2021-02-09,270,65810,fhi:git
2021-02-10,310,66120,fhi:git
2021-02-11,262,66382,fhi:git
2021-02-12,247,66629,fhi:git
2021-02-13,185,66814,fhi:git
2021-02-14,160,66974,fhi:git
2021-02-15,332,67306,fhi:git
2021-02-16,305,67611,fhi:git
2021-02-17,320,67931,fhi:git
2021-02-18,302,68233,fhi:git
2021-02-19,338,68571,fhi:git
2021-02-20,216,68787,fhi:git
2021-02-21,221,69008,fhi:git
2021-02-22,411,69419,fhi:git
2021-02-23,445,69864,fhi:git
2021-02-24,461,70325,fhi:git
2021-02-25,527,70852,fhi:git
2021-02-26,493,71345,fhi:git
2021-02-27,382,71727,fhi:git
2021-02-28,392,72119,fhi:git
2021-03-01,552,72671,fhi:git
2021-03-02,639,73310,fhi:git
2021-03-03,658,73968,fhi:git
2021-03-04,601,74569,fhi:git
2021-03-05,703,75272,fhi:git
2021-03-06,465,75737,fhi:git
2021-03-07,572,76309,fhi:git
2021-03-08,846,77155,fhi:git
2021-03-09,798,77953,fhi:git
2021-03-10,856,78809,fhi:git
2021-03-11,780,79589,fhi:git
2021-03-12,950,80539,fhi:git
2021-03-13,737,81276,fhi:git
2021-03-14,698,81974,fhi:git
2021-03-15,1107,83081,fhi:git
2021-03-16,1007,84088,fhi:git
2021-03-17,1058,85146,fhi:git
2021-03-18,1044,86190,fhi:git
2021-03-19,1001,87191,fhi:git
2021-03-20,709,87900,fhi:git
2021-03-21,649,88549,fhi:git
2021-03-22,1107,89656,fhi:git
2021-03-23,967,90623,fhi:git
2021-03-24,1001,91624,fhi:git
2021-03-25,871,92495,fhi:git
2021-03-26,895,93390,fhi:git
2021-03-27,602,93992,fhi:git
2021-03-28,477,94469,fhi:git
2021-03-29,865,95334,fhi:git
2021-03-30,849,96183,fhi:git
2021-03-31,806,96989,fhi:git
2021-04-01,624,97613,fhi:git
2021-04-02,700,98313,fhi:git
2021-04-03,612,98925,fhi:git
2021-04-04,653,99578,fhi:git
2021-04-05,715,100293,fhi:git
2021-04-06,888,101181,fhi:git
2021-04-07,848,102029,fhi:git
2021-04-08,770,102799,fhi:git
2021-04-09,712,103511,fhi:git
2021-04-10,496,104007,fhi:git
2021-04-11,396,104403,fhi:git
2021-04-12,738,105141,fhi:git
2021-04-13,595,105736,fhi:git
2021-04-14,601,106337,fhi:git
2021-04-15,549,106886,fhi:git
2021-04-16,579,107465,fhi:git
2021-04-17,331,107796,fhi:git
2021-04-18,346,108142,fhi:git
2021-04-19,575,108717,fhi:git
2021-04-20,532,109249,fhi:git
2021-04-21,538,109787,fhi:git
2021-04-22,463,110250,fhi:git
2021-04-23,510,110760,fhi:git
2021-04-24,287,111047,fhi:git
2021-04-25,317,111364,fhi:git
2021-04-26,502,111866,fhi:git
2021-04-27,481,112347,fhi:git
2021-04-28,419,112766,fhi:git
2021-04-29,414,113180,fhi:git
2021-04-30,441,113621,fhi:git
2021-05-01,251,113872,fhi:git
2021-05-02,296,114168,fhi:git
2021-05-03,511,114679,fhi:git
2021-05-04,463,115142,fhi:git
2021-05-05,495,115637,fhi:git
2021-05-06,509,116146,fhi:git
2021-05-07,438,116584,fhi:git
2021-05-08,352,116936,fhi:git
2021-05-09,352,117288,fhi:git
2021-05-10,524,117812,fhi:git
2021-05-11,427,118239,fhi:git
2021-05-12,380,118619,fhi:git
2021-05-13,298,118917,fhi:git
2021-05-14,415,119332,fhi:git
2021-05-15,240,119572,fhi:git
2021-05-16,280,119852,fhi:git
2021-05-17,183,120035,fhi:git
2021-05-18,542,120577,fhi:git
2021-05-19,541,121118,fhi:git
2021-05-20,603,121721,fhi:git
2021-05-21,668,122389,fhi:git
2021-05-22,352,122741,fhi:git
2021-05-23,338,123079,fhi:git
2021-05-24,383,123462,fhi:git
2021-05-25,428,123890,fhi:git
2021-05-26,363,124253,fhi:git
2021-05-27,384,124637,fhi:git
2021-05-28,347,124984,fhi:git
2021-05-29,199,125183,fhi:git
2021-05-30,185,125368,fhi:git
2021-05-31,344,125712,fhi:git
2021-06-01,387,126099,fhi:git
2021-06-02,293,126392,fhi:git
2021-06-03,282,126674,fhi:git
2021-06-04,262,126936,fhi:git
2021-06-05,145,127081,fhi:git
2021-06-06,151,127232,fhi:git
2021-06-07,203,127435,fhi:git
2021-06-08,213,127648,fhi:git
2021-06-09,207,127855,fhi:git
2021-06-10,202,128057,fhi:git
2021-06-11,155,128212,fhi:git
2021-06-12,129,128341,fhi:git
2021-06-13,111,128452,fhi:git
2021-06-14,208,128660,fhi:git
2021-06-15,195,128855,fhi:git
2021-06-16,215,129070,fhi:git
2021-06-17,197,129267,fhi:git
2021-06-18,171,129438,fhi:git
2021-06-19,153,129591,fhi:git
2021-06-20,115,129706,fhi:git
2021-06-21,205,129911,fhi:git
2021-06-22,266,130177,fhi:git
2021-06-23,239,130416,fhi:git
2021-06-24,174,130590,fhi:git
2021-06-25,175,130765,fhi:git
2021-06-26,106,130871,fhi:git
2021-06-27,106,130977,fhi:git
2021-06-28,226,131203,fhi:git
2021-06-29,213,131416,fhi:git
2021-06-30,261,131677,fhi:git
2021-07-01,197,131874,fhi:git
2021-07-02,186,132060,fhi:git
2021-07-03,99,132159,fhi:git
2021-07-04,123,132282,fhi:git
2021-07-05,207,132489,fhi:git
2021-07-06,200,132689,fhi:git
2021-07-07,204,132893,fhi:git
2021-07-08,183,133076,fhi:git
2021-07-09,175,133251,fhi:git
2021-07-10,108,133359,fhi:git
2021-07-11,101,133460,fhi:git
2021-07-12,187,133647,fhi:git
2021-07-13,146,133793,fhi:git
2021-07-14,183,133976,fhi:git
2021-07-15,187,134163,fhi:git
2021-07-16,226,134389,fhi:git
2021-07-17,111,134500,fhi:git
2021-07-18,144,134644,fhi:git
2021-07-19,229,134873,fhi:git
2021-07-20,173,135046,fhi:git
2021-07-21,261,135307,fhi:git
2021-07-22,215,135522,fhi:git
2021-07-23,251,135773,fhi:git
2021-07-24,175,135948,fhi:git
2021-07-25,199,136147,fhi:git
2021-07-26,315,136462,fhi:git
2021-07-27,349,136811,fhi:git
2021-07-28,422,137233,fhi:git
2021-07-29,346,137579,fhi:git
2021-07-30,354,137933,fhi:git
2021-07-31,250,138183,fhi:git
2021-08-01,245,138428,fhi:git
2021-08-02,455,138883,fhi:git
2021-08-03,446,139329,fhi:git
2021-08-04,502,139831,fhi:git
2021-08-05,463,140294,fhi:git
2021-08-06,478,140772,fhi:git
2021-08-07,322,141094,fhi:git
2021-08-08,331,141425,fhi:git
2021-08-09,669,142094,fhi:git
2021-08-10,576,142670,fhi:git
2021-08-11,610,143280,fhi:git
2021-08-12,539,143819,fhi:git
2021-08-13,546,144365,fhi:git
2021-08-14,435,144800,fhi:git
2021-08-15,376,145176,fhi:git
2021-08-16,625,145801,fhi:git
2021-08-17,637,146438,fhi:git
2021-08-18,689,147127,fhi:git
2021-08-19,670,147797,fhi:git
2021-08-20,741,148538,fhi:git
2021-08-21,592,149130,fhi:git
2021-08-22,554,149684,fhi:git
2021-08-23,1179,150863,fhi:git
2021-08-24,1336,152199,fhi:git
2021-08-25,1414,153613,fhi:git
2021-08-26,1394,155007,fhi:git
2021-08-27,1435,156442,fhi:git
2021-08-28,1000,157442,fhi:git
2021-08-29,956,158398,fhi:git
2021-08-30,1856,160254,fhi:git
2021-08-31,1624,161878,fhi:git
2021-09-01,1613,163491,fhi:git
2021-09-02,1523,165014,fhi:git
2021-09-03,1545,166559,fhi:git
2021-09-04,992,167551,fhi:git
2021-09-05,954,168505,fhi:git
2021-09-06,1784,170289,fhi:git
2021-09-07,1438,171727,fhi:git
2021-09-08,1382,173109,fhi:git
2021-09-09,1326,174435,fhi:git
2021-09-10,1183,175618,fhi:git
2021-09-11,665,176283,fhi:git
2021-09-12,778,177061,fhi:git
2021-09-13,1313,178374,fhi:git
2021-09-14,1012,179386,fhi:git
2021-09-15,921,180307,fhi:git
2021-09-16,810,181117,fhi:git
2021-09-17,684,181801,fhi:git
2021-09-18,510,182311,fhi:git
2021-09-19,481,182792,fhi:git
2021-09-20,988,183780,fhi:git
2021-09-21,702,184482,fhi:git
2021-09-22,725,185207,fhi:git
2021-09-23,760,185967,fhi:git
2021-09-24,650,186617,fhi:git
2021-09-25,404,187021,fhi:git
2021-09-26,386,187407,fhi:git
2021-09-27,750,188157,fhi:git
2021-09-28,609,188766,fhi:git
2021-09-29,583,189349,fhi:git
2021-09-30,498,189847,fhi:git
2021-10-01,488,190335,fhi:git
2021-10-02,300,190635,fhi:git
2021-10-03,256,190891,fhi:git
2021-10-04,657,191548,fhi:git
2021-10-05,486,192034,fhi:git
2021-10-06,492,192526,fhi:git
2021-10-07,449,192975,fhi:git
2021-10-08,446,193421,fhi:git
2021-10-09,238,193659,fhi:git
2021-10-10,243,193902,fhi:git
2021-10-11,616,194518,fhi:git
2021-10-12,459,194977,fhi:git
2021-10-13,386,195363,fhi:git
2021-10-14,375,195738,fhi:git
2021-10-15,448,196186,fhi:git
2021-10-16,290,196476,fhi:git
2021-10-17,259,196735,fhi:git
2021-10-18,746,197481,fhi:git
2021-10-19,580,198061,fhi:git
2021-10-20,715,198776,fhi:git
2021-10-21,645,199421,fhi:git
2021-10-22,752,200173,fhi:git
2021-10-23,463,200636,fhi:git
2021-10-24,502,201138,fhi:git
2021-10-25,1224,202362,fhi:git
2021-10-26,1055,203417,fhi:git
2021-10-27,1114,204531,fhi:git
2021-10-28,1143,205674,fhi:git
2021-10-29,1178,206852,fhi:git
2021-10-30,605,207457,fhi:git
2021-10-31,687,208144,fhi:git
2021-11-01,1975,210119,fhi:git
2021-11-02,1415,211534,fhi:git
2021-11-03,1652,213186,fhi:git
2021-11-04,1498,214684,fhi:git
2021-11-05,1457,216141,fhi:git
2021-11-06,885,217026,fhi:git
2021-11-07,958,217984,fhi:git
2021-11-08,2390,220374,fhi:git
2021-11-09,1753,222127,fhi:git
2021-11-10,1966,224093,fhi:git
2021-11-11,1773,225866,fhi:git
2021-11-12,1792,227658,fhi:git
2021-11-13,1088,228746,fhi:git
2021-11-14,1061,229807,fhi:git
2021-11-15,2861,232668,fhi:git
2021-11-16,2140,234808,fhi:git
2021-11-17,2434,237242,fhi:git
2021-11-18,2335,239577,fhi:git
2021-11-19,2222,241799,fhi:git
2021-11-20,1378,243177,fhi:git
2021-11-21,1351,244528,fhi:git
2021-11-22,3534,248062,fhi:git
2021-11-23,2800,250862,fhi:git
2021-11-24,2939,253801,fhi:git
2021-11-25,2822,256623,fhi:git
2021-11-26,2728,259351,fhi:git
2021-11-27,1796,261147,fhi:git
2021-11-28,1845,262992,fhi:git
2021-11-29,4688,267680,fhi:git
2021-11-30,3788,271468,fhi:git
2021-12-01,4073,275541,fhi:git
2021-12-02,4186,279727,fhi:git
2021-12-03,4293,284020,fhi:git
2021-12-04,2681,286701,fhi:git
2021-12-05,2898,289599,fhi:git
2021-12-06,6473,296072,fhi:git
2021-12-07,5517,301589,fhi:git
2021-12-08,5310,306899,fhi:git
2021-12-09,5301,312200,fhi:git
2021-12-10,5184,317384,fhi:git
2021-12-11,3166,320550,fhi:git
2021-12-12,3212,323762,fhi:git
2021-12-13,6646,330408,fhi:git
2021-12-14,5200,335608,fhi:git
2021-12-15,5024,340632,fhi:git
2021-12-16,4657,345289,fhi:git
2021-12-17,4252,349541,fhi:git
2021-12-18,2749,352290,fhi:git
2021-12-19,2606,354896,fhi:git
2021-12-20,5366,360262,fhi:git
2021-12-21,4174,364436,fhi:git
2021-12-22,3690,368126,fhi:git
2021-12-23,3353,371479,fhi:git
2021-12-24,1781,373260,fhi:git
2021-12-25,2026,375286,fhi:git
2021-12-26,2439,377725,fhi:git
2021-12-27,4798,382523,fhi:git
2021-12-28,4017,386540,fhi:git
2021-12-29,4172,390712,fhi:git
2021-12-30,4193,394905,fhi:git
2021-12-31,2833,397738,fhi:git
2022-01-01,2590,400328,fhi:git
2022-01-02,4056,404384,fhi:git
2022-01-03,9145,413529,fhi:git
2022-01-04,8016,421545,fhi:git
2022-01-05,7046,428591,fhi:git
2022-01-06,6220,434811,fhi:git
2022-01-07,6376,441187,fhi:git
2022-01-08,4435,445622,fhi:git
2022-01-09,5178,450800,fhi:git
2022-01-10,12140,462940,fhi:git
2022-01-11,10917,473857,fhi:git
2022-01-12,11137,484994,fhi:git
2022-01-13,10884,495878,fhi:git
2022-01-14,11350,507228,fhi:git
2022-01-15,7748,514976,fhi:git
2022-01-16,8643,523619,fhi:git
2022-01-17,20821,544440,fhi:git
2022-01-18,18541,562981,fhi:git
2022-01-19,18156,581137,fhi:git
2022-01-20,18280,599417,fhi:git
2022-01-21,18559,617976,fhi:git
2022-01-22,12270,630246,fhi:git
2022-01-23,12869,643115,fhi:git
2022-01-24,28366,671481,fhi:git
2022-01-25,23591,695072,fhi:git
2022-01-26,22090,717162,fhi:git
2022-01-27,20095,737257,fhi:git
2022-01-28,19003,756260,fhi:git
2022-01-29,10780,767040,fhi:git
2022-01-30,11548,778588,fhi:git
2022-01-31,27867,806455,fhi:git
2022-02-01,23470,829925,fhi:git
2022-02-02,20359,850284,fhi:git
2022-02-03,17534,867818,fhi:git
2022-02-04,17422,885240,fhi:git
2022-02-05,10968,896208,fhi:git
2022-02-06,11102,907310,fhi:git
2022-02-07,29479,936789,fhi:git
2022-02-08,25520,962309,fhi:git
2022-02-09,24017,986326,fhi:git
2022-02-10,21935,1008261,fhi:git
2022-02-11,20538,1028799,fhi:git
2022-02-12,9193,1037992,fhi:git
2022-02-13,7832,1045824,fhi:git
2022-02-14,20273,1066097,fhi:git
2022-02-15,16667,1082764,fhi:git
2022-02-16,17191,1099955,fhi:git
2022-02-17,15827,1115782,fhi:git
2022-02-18,15700,1131482,fhi:git
2022-02-19,7700,1139182,fhi:git
2022-02-20,7537,1146719,fhi:git
2022-02-21,22217,1168936,fhi:git
2022-02-22,18336,1187272,fhi:git
2022-02-23,18140,1205412,fhi:git
2022-02-24,15342,1220754,fhi:git
2022-02-25,14545,1235299,fhi:git
2022-02-26,6210,1241509,fhi:git
2022-02-27,6188,1247697,fhi:git
2022-02-28,17547,1265244,fhi:git
2022-03-01,12468,1277712,fhi:git
2022-03-02,11102,1288814,fhi:git
2022-03-03,8896,1297710,fhi:git
2022-03-04,8291,1306001,fhi:git
2022-03-05,3722,1309723,fhi:git
2022-03-06,3397,1313120,fhi:git
2022-03-07,11621,1324741,fhi:git
2022-03-08,7558,1332299,fhi:git
2022-03-09,7188,1339487,fhi:git
2022-03-10,5846,1345333,fhi:git
2022-03-11,5385,1350718,fhi:git
2022-03-12,2208,1352926,fhi:git
2022-03-13,2256,1355182,fhi:git
2022-03-14,7378,1362560,fhi:git
2022-03-15,4628,1367188,fhi:git
2022-03-16,4568,1371756,fhi:git
2022-03-17,3777,1375533,fhi:git
2022-03-18,3466,1378999,fhi:git
2022-03-19,1576,1380575,fhi:git
2022-03-20,1289,1381864,fhi:git
2022-03-21,4697,1386561,fhi:git
2022-03-22,3003,1389564,fhi:git
2022-03-23,3245,1392809,fhi:git
2022-03-24,2495,1395304,fhi:git
2022-03-25,2291,1397595,fhi:git
2022-03-26,987,1398582,fhi:git
2022-03-27,816,1399398,fhi:git
2022-03-28,2846,1402244,fhi:git
2022-03-29,1743,1403987,fhi:git
2022-03-30,1968,1405955,fhi:git
2022-03-31,1459,1407414,fhi:git
2022-04-01,1438,1408852,fhi:git
2022-04-02,549,1409401,fhi:git
2022-04-03,510,1409911,fhi:git
2022-04-04,1840,1411751,fhi:git
2022-04-05,1251,1413002,fhi:git
2022-04-06,1221,1414223,fhi:git
2022-04-07,913,1415136,fhi:git
2022-04-08,948,1416084,fhi:git
2022-04-09,390,1416474,fhi:git
2022-04-10,331,1416805,fhi:git
2022-04-11,1159,1417964,fhi:git
2022-04-12,728,1418692,fhi:git
2022-04-13,564,1419256,fhi:git
2022-04-14,303,1419559,fhi:git
2022-04-15,324,1419883,fhi:git
2022-04-16,348,1420231,fhi:git
2022-04-17,219,1420450,fhi:git
2022-04-18,473,1420923,fhi:git
2022-04-19,1140,1422063,fhi:git
2022-04-20,753,1422816,fhi:git
2022-04-21,571,1423387,fhi:git
2022-04-22,549,1423936,fhi:git
2022-04-23,157,1424093,fhi:git
2022-04-24,134,1424227,fhi:git
2022-04-25,620,1424847,fhi:git
2022-04-26,352,1425199,fhi:git
2022-04-27,409,1425608,fhi:git
2022-04-28,340,1425948,fhi:git
2022-04-29,344,1426292,fhi:git
2022-04-30,107,1426399,fhi:git
2022-05-01,86,1426485,fhi:git
2022-05-02,465,1426950,fhi:git
2022-05-03,333,1427283,fhi:git
2022-05-04,298,1427581,fhi:git
2022-05-05,289,1427870,fhi:git
2022-05-06,319,1428189,fhi:git
2022-05-07,90,1428279,fhi:git
2022-05-08,87,1428366,fhi:git
2022-05-09,460,1428826,fhi:git
2022-05-10,291,1429117,fhi:git
2022-05-11,307,1429424,fhi:git
2022-05-12,277,1429701,fhi:git
2022-05-13,291,1429992,fhi:git
2022-05-14,86,1430078,fhi:git
2022-05-15,63,1430141,fhi:git
2022-05-16,397,1430538,fhi:git
2022-05-17,45,1430583,fhi:git
2022-05-18,371,1430954,fhi:git
2022-05-19,285,1431239,fhi:git
2022-05-20,294,1431533,fhi:git
2022-05-21,90,1431623,fhi:git
2022-05-22,74,1431697,fhi:git
2022-05-23,423,1432120,fhi:git
2022-05-24,286,1432406,fhi:git
2022-05-25,303,1432709,fhi:git
2022-05-26,80,1432789,fhi:git
2022-05-27,334,1433123,fhi:git
2022-05-28,79,1433202,fhi:git
2022-05-29,82,1433284,fhi:git
2022-05-30,474,1433758,fhi:git
2022-05-31,301,1434059,fhi:git
2022-06-01,316,1434375,fhi:git
2022-06-02,303,1434678,fhi:git
2022-06-03,306,1434984,fhi:git
2022-06-04,93,1435077,fhi:git
2022-06-05,76,1435153,fhi:git
2022-06-06,122,1435275,fhi:git
2022-06-07,514,1435789,fhi:git
2022-06-08,423,1436212,fhi:git
2022-06-09,385,1436597,fhi:git
2022-06-10,421,1437018,fhi:git
2022-06-11,119,1437137,fhi:git
2022-06-12,129,1437266,fhi:git
2022-06-13,582,1437848,fhi:git
2022-06-14,447,1438295,fhi:git
2022-06-15,512,1438807,fhi:git
2022-06-16,552,1439359,fhi:git
2022-06-17,635,1439994,fhi:git
2022-06-18,166,1440160,fhi:git
2022-06-19,174,1440334,fhi:git
2022-06-20,940,1441274,fhi:git
2022-06-21,748,1442022,fhi:git
2022-06-22,875,1442897,fhi:git
2022-06-23,757,1443654,fhi:git
2022-06-24,816,1444470,fhi:git
2022-06-25,244,1444714,fhi:git
2022-06-26,225,1444939,fhi:git
2022-06-27,992,1445931,fhi:git
2022-06-28,756,1446687,fhi:git
2022-06-29,684,1447371,fhi:git
2022-06-30,594,1447965,fhi:git
2022-07-01,453,1448418,fhi:git
2022-07-02,203,1448621,fhi:git
2022-07-03,156,1448777,fhi:git
2022-07-04,494,1449271,fhi:git
2022-07-05,432,1449703,fhi:git
2022-07-06,416,1450119,fhi:git
2022-07-07,379,1450498,fhi:git
2022-07-08,365,1450863,fhi:git
2022-07-09,134,1450997,fhi:git
2022-07-10,131,1451128,fhi:git
2022-07-11,417,1451545,fhi:git
2022-07-12,349,1451894,fhi:git
2022-07-13,329,1452223,fhi:git
2022-07-14,295,1452518,fhi:git
2022-07-15,328,1452846,fhi:git
2022-07-16,139,1452985,fhi:git
2022-07-17,128,1453113,fhi:git
2022-07-18,355,1453468,fhi:git
2022-07-19,298,1453766,fhi:git
2022-07-20,263,1454029,fhi:git
2022-07-21,248,1454277,fhi:git
2022-07-22,241,1454518,fhi:git
2022-07-23,110,1454628,fhi:git
2022-07-24,84,1454712,fhi:git
2022-07-25,273,1454985,fhi:git
2022-07-26,244,1455229,fhi:git
2022-07-27,208,1455437,fhi:git
2022-07-28,206,1455643,fhi:git
2022-07-29,194,1455837,fhi:git
2022-07-30,114,1455951,fhi:git
2022-07-31,100,1456051,fhi:git
2022-08-01,241,1456292,fhi:git
2022-08-02,203,1456495,fhi:git
2022-08-03,205,1456700,fhi:git
2022-08-04,159,1456859,fhi:git
2022-08-05,178,1457037,fhi:git
2022-08-06,62,1457099,fhi:git
2022-08-07,93,1457192,fhi:git
2022-08-08,217,1457409,fhi:git
2022-08-09,202,1457611,fhi:git
2022-08-10,197,1457808,fhi:git
2022-08-11,168,1457976,fhi:git
2022-08-12,167,1458143,fhi:git
2022-08-13,76,1458219,fhi:git
2022-08-14,79,1458298,fhi:git
2022-08-15,188,1458486,fhi:git
2022-08-16,138,1458624,fhi:git
2022-08-17,143,1458767,fhi:git
2022-08-18,137,1458904,fhi:git
2022-08-19,130,1459034,fhi:git
2022-08-20,50,1459084,fhi:git
2022-08-21,65,1459149,fhi:git
2022-08-22,145,1459294,fhi:git
2022-08-23,132,1459426,fhi:git
2022-08-24,127,1459553,fhi:git
2022-08-25,109,1459662,fhi:git
2022-08-26,110,1459772,fhi:git
2022-08-27,55,1459827,fhi:git
2022-08-28,64,1459891,fhi:git
2022-08-29,140,1460031,fhi:git
2022-08-30,94,1460125,fhi:git
2022-08-31,125,1460250,fhi:git
2022-09-01,109,1460359,fhi:git
2022-09-02,101,1460460,fhi:git
2022-09-03,39,1460499,fhi:git
2022-09-04,39,1460538,fhi:git
2022-09-05,120,1460658,fhi:git
2022-09-06,96,1460754,fhi:git
2022-09-07,80,1460834,fhi:git
2022-09-08,86,1460920,fhi:git
2022-09-09,81,1461001,fhi:git
2022-09-10,44,1461045,fhi:git
2022-09-11,38,1461083,fhi:git
2022-09-12,112,1461195,fhi:git
2022-09-13,99,1461294,fhi:git
2022-09-14,85,1461379,fhi:git
2022-09-15,76,1461455,fhi:git
2022-09-16,63,1461518,fhi:git
2022-09-17,36,1461554,fhi:git
2022-09-18,49,1461603,fhi:git
2022-09-19,65,1461668,fhi:git
2022-09-20,85,1461753,fhi:git
2022-09-21,70,1461823,fhi:git
2022-09-22,70,1461893,fhi:git
2022-09-23,66,1461959,fhi:git
2022-09-24,47,1462006,fhi:git
2022-09-25,40,1462046,fhi:git
2022-09-26,95,1462141,fhi:git
2022-09-27,79,1462220,fhi:git
2022-09-28,77,1462297,fhi:git
2022-09-29,85,1462382,fhi:git
2022-09-30,95,1462477,fhi:git
2022-10-01,28,1462505,fhi:git
2022-10-02,32,1462537,fhi:git
2022-10-03,91,1462628,fhi:git
2022-10-04,92,1462720,fhi:git
2022-10-05,72,1462792,fhi:git
2022-10-06,86,1462878,fhi:git
2022-10-07,89,1462967,fhi:git
2022-10-08,38,1463005,fhi:git
2022-10-09,39,1463044,fhi:git
2022-10-10,105,1463149,fhi:git
2022-10-11,57,1463206,fhi:git
2022-10-12,39,1463245,fhi:git
2022-10-13,35,1463287,msis:api
