date,new,total,source
2020-02-21,1,1,fhi:git
2020-02-22,0,1,fhi:git
2020-02-23,0,1,fhi:git
2020-02-24,0,1,fhi:git
2020-02-25,0,1,fhi:git
2020-02-26,3,4,fhi:git
2020-02-27,2,6,fhi:git
2020-02-28,9,15,fhi:git
2020-02-29,6,21,fhi:git
2020-03-01,10,31,fhi:git
2020-03-02,12,43,fhi:git
2020-03-03,31,74,fhi:git
2020-03-04,33,107,fhi:git
2020-03-05,33,140,fhi:git
2020-03-06,24,164,fhi:git
2020-03-07,19,183,fhi:git
2020-03-08,65,248,fhi:git
2020-03-09,247,495,fhi:git
2020-03-10,241,736,fhi:git
2020-03-11,175,911,fhi:git
2020-03-12,206,1117,fhi:git
2020-03-13,147,1264,fhi:git
2020-03-14,100,1364,fhi:git
2020-03-15,99,1463,fhi:git
2020-03-16,180,1643,fhi:git
2020-03-17,176,1819,fhi:git
2020-03-18,213,2032,fhi:git
2020-03-19,239,2271,fhi:git
2020-03-20,308,2579,fhi:git
2020-03-21,174,2753,fhi:git
2020-03-22,148,2901,fhi:git
2020-03-23,296,3197,fhi:git
2020-03-24,313,3510,fhi:git
2020-03-25,292,3802,fhi:git
2020-03-26,298,4100,fhi:git
2020-03-27,262,4362,fhi:git
2020-03-28,166,4528,fhi:git
2020-03-29,106,4634,fhi:git
2020-03-30,264,4898,fhi:git
2020-03-31,208,5106,fhi:git
2020-04-01,198,5304,fhi:git
2020-04-02,198,5502,fhi:git
2020-04-03,164,5666,fhi:git
2020-04-04,88,5754,fhi:git
2020-04-05,72,5826,fhi:git
2020-04-06,159,5985,fhi:git
2020-04-07,140,6125,fhi:git
2020-04-08,106,6231,fhi:git
2020-04-09,103,6334,fhi:git
2020-04-10,68,6402,fhi:git
2020-04-11,110,6512,fhi:git
2020-04-12,77,6589,fhi:git
2020-04-13,77,6666,fhi:git
2020-04-14,122,6788,fhi:git
2020-04-15,103,6891,fhi:git
2020-04-16,80,6971,fhi:git
2020-04-17,108,7079,fhi:git
2020-04-18,49,7128,fhi:git
2020-04-19,36,7164,fhi:git
2020-04-20,84,7248,fhi:git
2020-04-21,78,7326,fhi:git
2020-04-22,77,7403,fhi:git
2020-04-23,69,7472,fhi:git
2020-04-24,53,7525,fhi:git
2020-04-25,25,7550,fhi:git
2020-04-26,37,7587,fhi:git
2020-04-27,71,7658,fhi:git
2020-04-28,50,7708,fhi:git
2020-04-29,39,7747,fhi:git
2020-04-30,39,7786,fhi:git
2020-05-01,43,7829,fhi:git
2020-05-02,23,7852,fhi:git
2020-05-03,44,7896,fhi:git
2020-05-04,45,7941,fhi:git
2020-05-05,44,7985,fhi:git
2020-05-06,39,8024,fhi:git
2020-05-07,29,8053,fhi:git
2020-05-08,42,8095,fhi:git
2020-05-09,11,8106,fhi:git
2020-05-10,12,8118,fhi:git
2020-05-11,25,8143,fhi:git
2020-05-12,19,8162,fhi:git
2020-05-13,19,8181,fhi:git
2020-05-14,24,8205,fhi:git
2020-05-15,23,8228,fhi:git
2020-05-16,13,8241,fhi:git
2020-05-17,4,8245,fhi:git
2020-05-18,17,8262,fhi:git
2020-05-19,20,8282,fhi:git
2020-05-20,19,8301,fhi:git
2020-05-21,14,8315,fhi:git
2020-05-22,26,8341,fhi:git
2020-05-23,6,8347,fhi:git
2020-05-24,6,8353,fhi:git
2020-05-25,18,8371,fhi:git
2020-05-26,12,8383,fhi:git
2020-05-27,18,8401,fhi:git
2020-05-28,16,8417,fhi:git
2020-05-29,16,8433,fhi:git
2020-05-30,0,8433,fhi:git
2020-05-31,6,8439,fhi:git
2020-06-01,7,8446,fhi:git
2020-06-02,31,8477,fhi:git
2020-06-03,12,8489,fhi:git
2020-06-04,17,8506,fhi:git
2020-06-05,30,8536,fhi:git
2020-06-06,8,8544,fhi:git
2020-06-07,9,8553,fhi:git
2020-06-08,19,8572,fhi:git
2020-06-09,13,8585,fhi:git
2020-06-10,14,8599,fhi:git
2020-06-11,11,8610,fhi:git
2020-06-12,13,8623,fhi:git
2020-06-13,7,8630,fhi:git
2020-06-14,6,8636,fhi:git
2020-06-15,18,8654,fhi:git
2020-06-16,36,8690,fhi:git
2020-06-17,15,8705,fhi:git
2020-06-18,13,8718,fhi:git
2020-06-19,18,8736,fhi:git
2020-06-20,6,8742,fhi:git
2020-06-21,4,8746,fhi:git
2020-06-22,28,8774,fhi:git
2020-06-23,13,8787,fhi:git
2020-06-24,21,8808,fhi:git
2020-06-25,17,8825,fhi:git
2020-06-26,22,8847,fhi:git
2020-06-27,10,8857,fhi:git
2020-06-28,1,8858,fhi:git
2020-06-29,26,8884,fhi:git
2020-06-30,11,8895,fhi:git
2020-07-01,8,8903,fhi:git
2020-07-02,9,8912,fhi:git
2020-07-03,10,8922,fhi:git
2020-07-04,2,8924,fhi:git
2020-07-05,1,8925,fhi:git
2020-07-06,14,8939,fhi:git
2020-07-07,10,8949,fhi:git
2020-07-08,11,8960,fhi:git
2020-07-09,8,8968,fhi:git
2020-07-10,13,8981,fhi:git
2020-07-11,4,8985,fhi:git
2020-07-12,5,8990,fhi:git
2020-07-13,19,9009,fhi:git
2020-07-14,8,9017,fhi:git
2020-07-15,6,9023,fhi:git
2020-07-16,4,9027,fhi:git
2020-07-17,12,9039,fhi:git
2020-07-18,1,9040,fhi:git
2020-07-19,3,9043,fhi:git
2020-07-20,21,9064,fhi:git
2020-07-21,6,9070,fhi:git
2020-07-22,22,9092,fhi:git
2020-07-23,6,9098,fhi:git
2020-07-24,24,9122,fhi:git
2020-07-25,6,9128,fhi:git
2020-07-26,9,9137,fhi:git
2020-07-27,24,9161,fhi:git
2020-07-28,16,9177,fhi:git
2020-07-29,37,9214,fhi:git
2020-07-30,23,9237,fhi:git
2020-07-31,72,9309,fhi:git
2020-08-01,14,9323,fhi:git
2020-08-02,13,9336,fhi:git
2020-08-03,38,9374,fhi:git
2020-08-04,40,9414,fhi:git
2020-08-05,66,9480,fhi:git
2020-08-06,79,9559,fhi:git
2020-08-07,80,9639,fhi:git
2020-08-08,35,9674,fhi:git
2020-08-09,34,9708,fhi:git
2020-08-10,63,9771,fhi:git
2020-08-11,43,9814,fhi:git
2020-08-12,63,9877,fhi:git
2020-08-13,54,9931,fhi:git
2020-08-14,76,10007,fhi:git
2020-08-15,44,10051,fhi:git
2020-08-16,27,10078,fhi:git
2020-08-17,74,10152,fhi:git
2020-08-18,58,10210,fhi:git
2020-08-19,60,10270,fhi:git
2020-08-20,51,10321,fhi:git
2020-08-21,53,10374,fhi:git
2020-08-22,45,10419,fhi:git
2020-08-23,19,10438,fhi:git
2020-08-24,67,10505,fhi:git
2020-08-25,42,10547,fhi:git
2020-08-26,40,10587,fhi:git
2020-08-27,52,10639,fhi:git
2020-08-28,84,10723,fhi:git
2020-08-29,42,10765,fhi:git
2020-08-30,50,10815,fhi:git
2020-08-31,148,10963,fhi:git
2020-09-01,115,11078,fhi:git
2020-09-02,101,11179,fhi:git
2020-09-03,125,11304,fhi:git
2020-09-04,119,11423,fhi:git
2020-09-05,73,11496,fhi:git
2020-09-06,60,11556,fhi:git
2020-09-07,132,11688,fhi:git
2020-09-08,113,11801,fhi:git
2020-09-09,124,11925,fhi:git
2020-09-10,132,12057,fhi:git
2020-09-11,119,12176,fhi:git
2020-09-12,67,12243,fhi:git
2020-09-13,78,12321,fhi:git
2020-09-14,104,12425,fhi:git
2020-09-15,133,12558,fhi:git
2020-09-16,137,12695,fhi:git
2020-09-17,117,12812,fhi:git
2020-09-18,94,12906,fhi:git
2020-09-19,58,12964,fhi:git
2020-09-20,77,13041,fhi:git
2020-09-21,163,13204,fhi:git
2020-09-22,101,13305,fhi:git
2020-09-23,143,13448,fhi:git
2020-09-24,133,13581,fhi:git
2020-09-25,130,13711,fhi:git
2020-09-26,63,13774,fhi:git
2020-09-27,54,13828,fhi:git
2020-09-28,124,13952,fhi:git
2020-09-29,110,14062,fhi:git
2020-09-30,120,14182,fhi:git
2020-10-01,131,14313,fhi:git
2020-10-02,134,14447,fhi:git
2020-10-03,110,14557,fhi:git
2020-10-04,89,14646,fhi:git
2020-10-05,209,14855,fhi:git
2020-10-06,198,15053,fhi:git
2020-10-07,199,15252,fhi:git
2020-10-08,168,15420,fhi:git
2020-10-09,141,15561,fhi:git
2020-10-10,65,15626,fhi:git
2020-10-11,78,15704,fhi:git
2020-10-12,167,15871,fhi:git
2020-10-13,155,16026,fhi:git
2020-10-14,162,16188,fhi:git
2020-10-15,141,16329,fhi:git
2020-10-16,137,16466,fhi:git
2020-10-17,88,16554,fhi:git
2020-10-18,93,16647,fhi:git
2020-10-19,219,16866,fhi:git
2020-10-20,183,17049,fhi:git
2020-10-21,221,17270,fhi:git
2020-10-22,285,17555,fhi:git
2020-10-23,368,17923,fhi:git
2020-10-24,231,18154,fhi:git
2020-10-25,202,18356,fhi:git
2020-10-26,487,18843,fhi:git
2020-10-27,391,19234,fhi:git
2020-10-28,515,19749,fhi:git
2020-10-29,431,20180,fhi:git
2020-10-30,617,20797,fhi:git
2020-10-31,385,21182,fhi:git
2020-11-01,323,21505,fhi:git
2020-11-02,647,22152,fhi:git
2020-11-03,683,22835,fhi:git
2020-11-04,690,23525,fhi:git
2020-11-05,602,24127,fhi:git
2020-11-06,650,24777,fhi:git
2020-11-07,388,25165,fhi:git
2020-11-08,385,25550,fhi:git
2020-11-09,707,26257,fhi:git
2020-11-10,603,26860,fhi:git
2020-11-11,662,27522,fhi:git
2020-11-12,637,28159,fhi:git
2020-11-13,697,28856,fhi:git
2020-11-14,379,29235,fhi:git
2020-11-15,405,29640,fhi:git
2020-11-16,722,30362,fhi:git
2020-11-17,635,30997,fhi:git
2020-11-18,652,31649,fhi:git
2020-11-19,564,32213,fhi:git
2020-11-20,519,32732,fhi:git
2020-11-21,288,33020,fhi:git
2020-11-22,279,33299,fhi:git
2020-11-23,610,33909,fhi:git
2020-11-24,415,34324,fhi:git
2020-11-25,513,34837,fhi:git
2020-11-26,477,35314,fhi:git
2020-11-27,447,35761,fhi:git
2020-11-28,236,35997,fhi:git
2020-11-29,228,36225,fhi:git
2020-11-30,448,36673,fhi:git
2020-12-01,362,37035,fhi:git
2020-12-02,420,37455,fhi:git
2020-12-03,400,37855,fhi:git
2020-12-04,382,38237,fhi:git
2020-12-05,252,38489,fhi:git
2020-12-06,262,38751,fhi:git
2020-12-07,500,39251,fhi:git
2020-12-08,392,39643,fhi:git
2020-12-09,453,40096,fhi:git
2020-12-10,435,40531,fhi:git
2020-12-11,403,40934,fhi:git
2020-12-12,256,41190,fhi:git
2020-12-13,285,41475,fhi:git
2020-12-14,544,42019,fhi:git
2020-12-15,440,42459,fhi:git
2020-12-16,450,42909,fhi:git
2020-12-17,431,43340,fhi:git
2020-12-18,475,43815,fhi:git
2020-12-19,309,44124,fhi:git
2020-12-20,299,44423,fhi:git
2020-12-21,621,45044,fhi:git
2020-12-22,560,45604,fhi:git
2020-12-23,587,46191,fhi:git
2020-12-24,292,46483,fhi:git
2020-12-25,293,46776,fhi:git
2020-12-26,466,47242,fhi:git
2020-12-27,425,47667,fhi:git
2020-12-28,778,48445,fhi:git
2020-12-29,699,49144,fhi:git
2020-12-30,639,49783,fhi:git
2020-12-31,434,50217,fhi:git
2021-01-01,346,50563,fhi:git
2021-01-02,526,51089,fhi:git
2021-01-03,447,51536,fhi:git
2021-01-04,938,52474,fhi:git
2021-01-05,795,53269,fhi:git
2021-01-06,710,53979,fhi:git
2021-01-07,739,54718,fhi:git
2021-01-08,651,55369,fhi:git
2021-01-09,414,55783,fhi:git
2021-01-10,435,56218,fhi:git
2021-01-11,639,56857,fhi:git
2021-01-12,563,57420,fhi:git
2021-01-13,462,57882,fhi:git
2021-01-14,454,58336,fhi:git
2021-01-15,398,58734,fhi:git
2021-01-16,267,59001,fhi:git
2021-01-17,226,59227,fhi:git
2021-01-18,446,59673,fhi:git
2021-01-19,342,60015,fhi:git
2021-01-20,355,60370,fhi:git
2021-01-21,347,60717,fhi:git
2021-01-22,331,61048,fhi:git
2021-01-23,212,61260,fhi:git
2021-01-24,189,61449,fhi:git
2021-01-25,387,61836,fhi:git
2021-01-26,276,62112,fhi:git
2021-01-27,344,62456,fhi:git
2021-01-28,285,62741,fhi:git
2021-01-29,295,63036,fhi:git
2021-01-30,175,63211,fhi:git
2021-01-31,183,63394,fhi:git
2021-02-01,319,63713,fhi:git
2021-02-02,294,64007,fhi:git
2021-02-03,325,64332,fhi:git
2021-02-04,253,64585,fhi:git
2021-02-05,288,64873,fhi:git
2021-02-06,198,65071,fhi:git
2021-02-07,167,65238,fhi:git
2021-02-08,301,65539,fhi:git
2021-02-09,270,65809,fhi:git
2021-02-10,310,66119,fhi:git
2021-02-11,262,66381,fhi:git
2021-02-12,247,66628,fhi:git
2021-02-13,185,66813,fhi:git
2021-02-14,160,66973,fhi:git
2021-02-15,332,67305,fhi:git
2021-02-16,305,67610,fhi:git
2021-02-17,320,67930,fhi:git
2021-02-18,302,68232,fhi:git
2021-02-19,338,68570,fhi:git
2021-02-20,216,68786,fhi:git
2021-02-21,221,69007,fhi:git
2021-02-22,411,69418,fhi:git
2021-02-23,445,69863,fhi:git
2021-02-24,461,70324,fhi:git
2021-02-25,527,70851,fhi:git
2021-02-26,493,71344,fhi:git
2021-02-27,382,71726,fhi:git
2021-02-28,392,72118,fhi:git
2021-03-01,552,72670,fhi:git
2021-03-02,639,73309,fhi:git
2021-03-03,658,73967,fhi:git
2021-03-04,601,74568,fhi:git
2021-03-05,703,75271,fhi:git
2021-03-06,465,75736,fhi:git
2021-03-07,572,76308,fhi:git
2021-03-08,846,77154,fhi:git
2021-03-09,798,77952,fhi:git
2021-03-10,856,78808,fhi:git
2021-03-11,780,79588,fhi:git
2021-03-12,950,80538,fhi:git
2021-03-13,737,81275,fhi:git
2021-03-14,698,81973,fhi:git
2021-03-15,1107,83080,fhi:git
2021-03-16,1007,84087,fhi:git
2021-03-17,1058,85145,fhi:git
2021-03-18,1044,86189,fhi:git
2021-03-19,1001,87190,fhi:git
2021-03-20,709,87899,fhi:git
2021-03-21,649,88548,fhi:git
2021-03-22,1107,89655,fhi:git
2021-03-23,967,90622,fhi:git
2021-03-24,1001,91623,fhi:git
2021-03-25,871,92494,fhi:git
2021-03-26,895,93389,fhi:git
2021-03-27,602,93991,fhi:git
2021-03-28,477,94468,fhi:git
2021-03-29,865,95333,fhi:git
2021-03-30,849,96182,fhi:git
2021-03-31,806,96988,fhi:git
2021-04-01,624,97612,fhi:git
2021-04-02,700,98312,fhi:git
2021-04-03,612,98924,fhi:git
2021-04-04,653,99577,fhi:git
2021-04-05,715,100292,fhi:git
2021-04-06,888,101180,fhi:git
2021-04-07,848,102028,fhi:git
2021-04-08,770,102798,fhi:git
2021-04-09,712,103510,fhi:git
2021-04-10,496,104006,fhi:git
2021-04-11,396,104402,fhi:git
2021-04-12,738,105140,fhi:git
2021-04-13,595,105735,fhi:git
2021-04-14,601,106336,fhi:git
2021-04-15,549,106885,fhi:git
2021-04-16,579,107464,fhi:git
2021-04-17,331,107795,fhi:git
2021-04-18,346,108141,fhi:git
2021-04-19,575,108716,fhi:git
2021-04-20,532,109248,fhi:git
2021-04-21,538,109786,fhi:git
2021-04-22,463,110249,fhi:git
2021-04-23,510,110759,fhi:git
2021-04-24,287,111046,fhi:git
2021-04-25,317,111363,fhi:git
2021-04-26,502,111865,fhi:git
2021-04-27,481,112346,fhi:git
2021-04-28,419,112765,fhi:git
2021-04-29,414,113179,fhi:git
2021-04-30,441,113620,fhi:git
2021-05-01,251,113871,fhi:git
2021-05-02,296,114167,fhi:git
2021-05-03,511,114678,fhi:git
2021-05-04,463,115141,fhi:git
2021-05-05,495,115636,fhi:git
2021-05-06,509,116145,fhi:git
2021-05-07,438,116583,fhi:git
2021-05-08,352,116935,fhi:git
2021-05-09,352,117287,fhi:git
2021-05-10,524,117811,fhi:git
2021-05-11,427,118238,fhi:git
2021-05-12,380,118618,fhi:git
2021-05-13,298,118916,fhi:git
2021-05-14,415,119331,fhi:git
2021-05-15,240,119571,fhi:git
2021-05-16,280,119851,fhi:git
2021-05-17,183,120034,fhi:git
2021-05-18,542,120576,fhi:git
2021-05-19,541,121117,fhi:git
2021-05-20,603,121720,fhi:git
2021-05-21,668,122388,fhi:git
2021-05-22,352,122740,fhi:git
2021-05-23,338,123078,fhi:git
2021-05-24,383,123461,fhi:git
2021-05-25,428,123889,fhi:git
2021-05-26,363,124252,fhi:git
2021-05-27,384,124636,fhi:git
2021-05-28,347,124983,fhi:git
2021-05-29,199,125182,fhi:git
2021-05-30,185,125367,fhi:git
2021-05-31,344,125711,fhi:git
2021-06-01,387,126098,fhi:git
2021-06-02,293,126391,fhi:git
2021-06-03,282,126673,fhi:git
2021-06-04,262,126935,fhi:git
2021-06-05,145,127080,fhi:git
2021-06-06,151,127231,fhi:git
2021-06-07,203,127434,fhi:git
2021-06-08,213,127647,fhi:git
2021-06-09,207,127854,fhi:git
2021-06-10,202,128056,fhi:git
2021-06-11,155,128211,fhi:git
2021-06-12,129,128340,fhi:git
2021-06-13,111,128451,fhi:git
2021-06-14,208,128659,fhi:git
2021-06-15,195,128854,fhi:git
2021-06-16,215,129069,fhi:git
2021-06-17,197,129266,fhi:git
2021-06-18,171,129437,fhi:git
2021-06-19,153,129590,fhi:git
2021-06-20,115,129705,fhi:git
2021-06-21,205,129910,fhi:git
2021-06-22,266,130176,fhi:git
2021-06-23,239,130415,fhi:git
2021-06-24,174,130589,fhi:git
2021-06-25,175,130764,fhi:git
2021-06-26,106,130870,fhi:git
2021-06-27,106,130976,fhi:git
2021-06-28,226,131202,fhi:git
2021-06-29,213,131415,fhi:git
2021-06-30,261,131676,fhi:git
2021-07-01,197,131873,fhi:git
2021-07-02,186,132059,fhi:git
2021-07-03,99,132158,fhi:git
2021-07-04,123,132281,fhi:git
2021-07-05,207,132488,fhi:git
2021-07-06,200,132688,fhi:git
2021-07-07,204,132892,fhi:git
2021-07-08,183,133075,fhi:git
2021-07-09,175,133250,fhi:git
2021-07-10,108,133358,fhi:git
2021-07-11,101,133459,fhi:git
2021-07-12,187,133646,fhi:git
2021-07-13,146,133792,fhi:git
2021-07-14,183,133975,fhi:git
2021-07-15,187,134162,fhi:git
2021-07-16,226,134388,fhi:git
2021-07-17,111,134499,fhi:git
2021-07-18,144,134643,fhi:git
2021-07-19,229,134872,fhi:git
2021-07-20,173,135045,fhi:git
2021-07-21,261,135306,fhi:git
2021-07-22,215,135521,fhi:git
2021-07-23,251,135772,fhi:git
2021-07-24,175,135947,fhi:git
2021-07-25,199,136146,fhi:git
2021-07-26,315,136461,fhi:git
2021-07-27,349,136810,fhi:git
2021-07-28,422,137232,fhi:git
2021-07-29,346,137578,fhi:git
2021-07-30,354,137932,fhi:git
2021-07-31,250,138182,fhi:git
2021-08-01,245,138427,fhi:git
2021-08-02,455,138882,fhi:git
2021-08-03,446,139328,fhi:git
2021-08-04,502,139830,fhi:git
2021-08-05,463,140293,fhi:git
2021-08-06,478,140771,fhi:git
2021-08-07,322,141093,fhi:git
2021-08-08,331,141424,fhi:git
2021-08-09,669,142093,fhi:git
2021-08-10,576,142669,fhi:git
2021-08-11,610,143279,fhi:git
2021-08-12,539,143818,fhi:git
2021-08-13,546,144364,fhi:git
2021-08-14,435,144799,fhi:git
2021-08-15,376,145175,fhi:git
2021-08-16,625,145800,fhi:git
2021-08-17,637,146437,fhi:git
2021-08-18,689,147126,fhi:git
2021-08-19,670,147796,fhi:git
2021-08-20,741,148537,fhi:git
2021-08-21,592,149129,fhi:git
2021-08-22,554,149683,fhi:git
2021-08-23,1179,150862,fhi:git
2021-08-24,1336,152198,fhi:git
2021-08-25,1414,153612,fhi:git
2021-08-26,1394,155006,fhi:git
2021-08-27,1435,156441,fhi:git
2021-08-28,1000,157441,fhi:git
2021-08-29,956,158397,fhi:git
2021-08-30,1856,160253,fhi:git
2021-08-31,1624,161877,fhi:git
2021-09-01,1613,163490,fhi:git
2021-09-02,1523,165013,fhi:git
2021-09-03,1545,166558,fhi:git
2021-09-04,992,167550,fhi:git
2021-09-05,954,168504,fhi:git
2021-09-06,1784,170288,fhi:git
2021-09-07,1438,171726,fhi:git
2021-09-08,1382,173108,fhi:git
2021-09-09,1326,174434,fhi:git
2021-09-10,1183,175617,fhi:git
2021-09-11,665,176282,fhi:git
2021-09-12,778,177060,fhi:git
2021-09-13,1313,178373,fhi:git
2021-09-14,1012,179385,fhi:git
2021-09-15,921,180306,fhi:git
2021-09-16,810,181116,fhi:git
2021-09-17,684,181800,fhi:git
2021-09-18,510,182310,fhi:git
2021-09-19,481,182791,fhi:git
2021-09-20,988,183779,fhi:git
2021-09-21,702,184481,fhi:git
2021-09-22,725,185206,fhi:git
2021-09-23,760,185966,fhi:git
2021-09-24,650,186616,fhi:git
2021-09-25,404,187020,fhi:git
2021-09-26,386,187406,fhi:git
2021-09-27,750,188156,fhi:git
2021-09-28,609,188765,fhi:git
2021-09-29,583,189348,fhi:git
2021-09-30,498,189846,fhi:git
2021-10-01,488,190334,fhi:git
2021-10-02,300,190634,fhi:git
2021-10-03,256,190890,fhi:git
2021-10-04,657,191547,fhi:git
2021-10-05,486,192033,fhi:git
2021-10-06,492,192525,fhi:git
2021-10-07,449,192974,fhi:git
2021-10-08,446,193420,fhi:git
2021-10-09,238,193658,fhi:git
2021-10-10,243,193901,fhi:git
2021-10-11,616,194517,fhi:git
2021-10-12,459,194976,fhi:git
2021-10-13,386,195362,fhi:git
2021-10-14,375,195737,fhi:git
2021-10-15,448,196185,fhi:git
2021-10-16,290,196475,fhi:git
2021-10-17,259,196734,fhi:git
2021-10-18,746,197480,fhi:git
2021-10-19,580,198060,fhi:git
2021-10-20,715,198775,fhi:git
2021-10-21,645,199420,fhi:git
2021-10-22,752,200172,fhi:git
2021-10-23,463,200635,fhi:git
2021-10-24,502,201137,fhi:git
2021-10-25,1224,202361,fhi:git
2021-10-26,1055,203416,fhi:git
2021-10-27,1114,204530,fhi:git
2021-10-28,1143,205673,fhi:git
2021-10-29,1178,206851,fhi:git
2021-10-30,605,207456,fhi:git
2021-10-31,687,208143,fhi:git
2021-11-01,1975,210118,fhi:git
2021-11-02,1415,211533,fhi:git
2021-11-03,1652,213185,fhi:git
2021-11-04,1498,214683,fhi:git
2021-11-05,1457,216140,fhi:git
2021-11-06,885,217025,fhi:git
2021-11-07,958,217983,fhi:git
2021-11-08,2390,220373,fhi:git
2021-11-09,1753,222126,fhi:git
2021-11-10,1966,224092,fhi:git
2021-11-11,1773,225865,fhi:git
2021-11-12,1792,227657,fhi:git
2021-11-13,1088,228745,fhi:git
2021-11-14,1061,229806,fhi:git
2021-11-15,2861,232667,fhi:git
2021-11-16,2140,234807,fhi:git
2021-11-17,2434,237241,fhi:git
2021-11-18,2335,239576,fhi:git
2021-11-19,2222,241798,fhi:git
2021-11-20,1378,243176,fhi:git
2021-11-21,1351,244527,fhi:git
2021-11-22,3534,248061,fhi:git
2021-11-23,2800,250861,fhi:git
2021-11-24,2939,253800,fhi:git
2021-11-25,2822,256622,fhi:git
2021-11-26,2728,259350,fhi:git
2021-11-27,1796,261146,fhi:git
2021-11-28,1845,262991,fhi:git
2021-11-29,4688,267679,fhi:git
2021-11-30,3788,271467,fhi:git
2021-12-01,4073,275540,fhi:git
2021-12-02,4186,279726,fhi:git
2021-12-03,4293,284019,fhi:git
2021-12-04,2681,286700,fhi:git
2021-12-05,2898,289598,fhi:git
2021-12-06,6473,296071,fhi:git
2021-12-07,5517,301588,fhi:git
2021-12-08,5310,306898,fhi:git
2021-12-09,5301,312199,fhi:git
2021-12-10,5184,317383,fhi:git
2021-12-11,3166,320549,fhi:git
2021-12-12,3212,323761,fhi:git
2021-12-13,6646,330407,fhi:git
2021-12-14,5200,335607,fhi:git
2021-12-15,5024,340631,fhi:git
2021-12-16,4657,345288,fhi:git
2021-12-17,4252,349540,fhi:git
2021-12-18,2749,352289,fhi:git
2021-12-19,2606,354895,fhi:git
2021-12-20,5366,360261,fhi:git
2021-12-21,4174,364435,fhi:git
2021-12-22,3690,368125,fhi:git
2021-12-23,3353,371478,fhi:git
2021-12-24,1781,373259,fhi:git
2021-12-25,2026,375285,fhi:git
2021-12-26,2439,377724,fhi:git
2021-12-27,4798,382522,fhi:git
2021-12-28,4017,386539,fhi:git
2021-12-29,4172,390711,fhi:git
2021-12-30,4193,394904,fhi:git
2021-12-31,2833,397737,fhi:git
2022-01-01,2590,400327,fhi:git
2022-01-02,4056,404383,fhi:git
2022-01-03,9145,413528,fhi:git
2022-01-04,8016,421544,fhi:git
2022-01-05,7046,428590,fhi:git
2022-01-06,6220,434810,fhi:git
2022-01-07,6376,441186,fhi:git
2022-01-08,4435,445621,fhi:git
2022-01-09,5178,450799,fhi:git
2022-01-10,12140,462939,fhi:git
2022-01-11,10917,473856,fhi:git
2022-01-12,11137,484993,fhi:git
2022-01-13,10884,495877,fhi:git
2022-01-14,11350,507227,fhi:git
2022-01-15,7748,514975,fhi:git
2022-01-16,8643,523618,fhi:git
2022-01-17,20821,544439,fhi:git
2022-01-18,18541,562980,fhi:git
2022-01-19,18156,581136,fhi:git
2022-01-20,18280,599416,fhi:git
2022-01-21,18559,617975,fhi:git
2022-01-22,12270,630245,fhi:git
2022-01-23,12869,643114,fhi:git
2022-01-24,28366,671480,fhi:git
2022-01-25,23591,695071,fhi:git
2022-01-26,22090,717161,fhi:git
2022-01-27,20095,737256,fhi:git
2022-01-28,19003,756259,fhi:git
2022-01-29,10780,767039,fhi:git
2022-01-30,11548,778587,fhi:git
2022-01-31,27867,806454,fhi:git
2022-02-01,23470,829924,fhi:git
2022-02-02,20359,850283,fhi:git
2022-02-03,17534,867817,fhi:git
2022-02-04,17422,885239,fhi:git
2022-02-05,10968,896207,fhi:git
2022-02-06,11102,907309,fhi:git
2022-02-07,29479,936788,fhi:git
2022-02-08,25520,962308,fhi:git
2022-02-09,24017,986325,fhi:git
2022-02-10,21935,1008260,fhi:git
2022-02-11,20538,1028798,fhi:git
2022-02-12,9193,1037991,fhi:git
2022-02-13,7832,1045823,fhi:git
2022-02-14,20273,1066096,fhi:git
2022-02-15,16667,1082763,fhi:git
2022-02-16,17191,1099954,fhi:git
2022-02-17,15827,1115781,fhi:git
2022-02-18,15700,1131481,fhi:git
2022-02-19,7700,1139181,fhi:git
2022-02-20,7537,1146718,fhi:git
2022-02-21,22217,1168935,fhi:git
2022-02-22,18336,1187271,fhi:git
2022-02-23,18140,1205411,fhi:git
2022-02-24,15342,1220753,fhi:git
2022-02-25,14545,1235298,fhi:git
2022-02-26,6210,1241508,fhi:git
2022-02-27,6188,1247696,fhi:git
2022-02-28,17547,1265243,fhi:git
2022-03-01,12468,1277711,fhi:git
2022-03-02,11102,1288813,fhi:git
2022-03-03,8896,1297709,fhi:git
2022-03-04,8291,1306000,fhi:git
2022-03-05,3722,1309722,fhi:git
2022-03-06,3397,1313119,fhi:git
2022-03-07,11621,1324740,fhi:git
2022-03-08,7558,1332298,fhi:git
2022-03-09,7188,1339486,fhi:git
2022-03-10,5846,1345332,fhi:git
2022-03-11,5385,1350717,fhi:git
2022-03-12,2208,1352925,fhi:git
2022-03-13,2256,1355181,fhi:git
2022-03-14,7378,1362559,fhi:git
2022-03-15,4628,1367187,fhi:git
2022-03-16,4568,1371755,fhi:git
2022-03-17,3777,1375532,fhi:git
2022-03-18,3466,1378998,fhi:git
2022-03-19,1576,1380574,fhi:git
2022-03-20,1289,1381863,fhi:git
2022-03-21,4697,1386560,fhi:git
2022-03-22,3003,1389563,fhi:git
2022-03-23,3245,1392808,fhi:git
2022-03-24,2495,1395303,fhi:git
2022-03-25,2291,1397594,fhi:git
2022-03-26,987,1398581,fhi:git
2022-03-27,816,1399397,fhi:git
2022-03-28,2846,1402243,fhi:git
2022-03-29,1743,1403986,fhi:git
2022-03-30,1968,1405954,fhi:git
2022-03-31,1459,1407413,fhi:git
2022-04-01,1438,1408851,fhi:git
2022-04-02,549,1409400,fhi:git
2022-04-03,510,1409910,fhi:git
2022-04-04,1840,1411750,fhi:git
2022-04-05,1252,1413002,fhi:git
2022-04-06,1221,1414223,fhi:git
2022-04-07,913,1415136,fhi:git
2022-04-08,948,1416084,fhi:git
2022-04-09,390,1416474,fhi:git
2022-04-10,331,1416805,fhi:git
2022-04-11,1159,1417964,fhi:git
2022-04-12,728,1418692,fhi:git
2022-04-13,564,1419256,fhi:git
2022-04-14,303,1419559,fhi:git
2022-04-15,324,1419883,fhi:git
2022-04-16,348,1420231,fhi:git
2022-04-17,219,1420450,fhi:git
2022-04-18,473,1420923,fhi:git
2022-04-19,1140,1422063,fhi:git
2022-04-20,753,1422816,fhi:git
2022-04-21,571,1423387,fhi:git
2022-04-22,549,1423936,fhi:git
2022-04-23,157,1424093,fhi:git
2022-04-24,134,1424227,fhi:git
2022-04-25,620,1424847,fhi:git
2022-04-26,352,1425199,fhi:git
2022-04-27,409,1425608,fhi:git
2022-04-28,340,1425948,fhi:git
2022-04-29,344,1426292,fhi:git
2022-04-30,107,1426399,fhi:git
2022-05-01,86,1426485,fhi:git
2022-05-02,465,1426950,fhi:git
2022-05-03,333,1427283,fhi:git
2022-05-04,298,1427581,fhi:git
2022-05-05,289,1427870,fhi:git
2022-05-06,319,1428189,fhi:git
2022-05-07,90,1428279,fhi:git
2022-05-08,87,1428366,fhi:git
2022-05-09,460,1428826,fhi:git
2022-05-10,291,1429117,fhi:git
2022-05-11,307,1429424,fhi:git
2022-05-12,277,1429701,fhi:git
2022-05-13,291,1429992,fhi:git
2022-05-14,86,1430078,fhi:git
2022-05-15,63,1430141,fhi:git
2022-05-16,397,1430538,fhi:git
2022-05-17,45,1430583,fhi:git
2022-05-18,371,1430954,fhi:git
2022-05-19,285,1431239,fhi:git
2022-05-20,294,1431533,fhi:git
2022-05-21,90,1431623,fhi:git
2022-05-22,74,1431697,fhi:git
2022-05-23,423,1432120,fhi:git
2022-05-24,286,1432406,fhi:git
2022-05-25,303,1432709,fhi:git
2022-05-26,80,1432789,fhi:git
2022-05-27,334,1433123,fhi:git
2022-05-28,79,1433202,fhi:git
2022-05-29,82,1433284,fhi:git
2022-05-30,474,1433758,fhi:git
2022-05-31,301,1434059,fhi:git
2022-06-01,316,1434375,fhi:git
2022-06-02,303,1434678,fhi:git
2022-06-03,306,1434984,fhi:git
2022-06-04,93,1435077,fhi:git
2022-06-05,76,1435153,fhi:git
2022-06-06,122,1435275,fhi:git
2022-06-07,514,1435789,fhi:git
2022-06-08,423,1436212,fhi:git
2022-06-09,385,1436597,fhi:git
2022-06-10,421,1437018,fhi:git
2022-06-11,119,1437137,fhi:git
2022-06-12,129,1437266,fhi:git
2022-06-13,582,1437848,fhi:git
2022-06-14,447,1438295,fhi:git
2022-06-15,512,1438807,fhi:git
2022-06-16,552,1439359,fhi:git
2022-06-17,635,1439994,fhi:git
2022-06-18,166,1440160,fhi:git
2022-06-19,174,1440334,fhi:git
2022-06-20,940,1441274,fhi:git
2022-06-21,748,1442022,fhi:git
2022-06-22,875,1442897,fhi:git
2022-06-23,757,1443654,fhi:git
2022-06-24,816,1444470,fhi:git
2022-06-25,244,1444714,fhi:git
2022-06-26,225,1444939,fhi:git
2022-06-27,992,1445931,fhi:git
2022-06-28,756,1446687,fhi:git
2022-06-29,684,1447371,fhi:git
2022-06-30,594,1447965,fhi:git
2022-07-01,453,1448418,fhi:git
2022-07-02,203,1448621,fhi:git
2022-07-03,156,1448777,fhi:git
2022-07-04,494,1449271,fhi:git
2022-07-05,432,1449703,fhi:git
2022-07-06,416,1450119,fhi:git
2022-07-07,379,1450498,fhi:git
2022-07-08,365,1450863,fhi:git
2022-07-09,134,1450997,fhi:git
2022-07-10,131,1451128,fhi:git
2022-07-11,417,1451545,fhi:git
2022-07-12,349,1451894,fhi:git
2022-07-13,329,1452223,fhi:git
2022-07-14,295,1452518,fhi:git
2022-07-15,328,1452846,fhi:git
2022-07-16,139,1452985,fhi:git
2022-07-17,128,1453113,fhi:git
2022-07-18,355,1453468,fhi:git
2022-07-19,298,1453766,fhi:git
2022-07-20,264,1454030,fhi:git
2022-07-21,248,1454278,fhi:git
2022-07-22,241,1454519,fhi:git
2022-07-23,110,1454629,fhi:git
2022-07-24,84,1454713,fhi:git
2022-07-25,274,1454987,fhi:git
2022-07-26,244,1455231,fhi:git
2022-07-27,208,1455439,fhi:git
2022-07-28,206,1455645,fhi:git
2022-07-29,194,1455839,fhi:git
2022-07-30,114,1455953,fhi:git
2022-07-31,100,1456053,fhi:git
2022-08-01,241,1456294,fhi:git
2022-08-02,203,1456497,fhi:git
2022-08-03,206,1456703,fhi:git
2022-08-04,159,1456862,fhi:git
2022-08-05,178,1457040,fhi:git
2022-08-06,62,1457102,fhi:git
2022-08-07,93,1457195,fhi:git
2022-08-08,218,1457413,fhi:git
2022-08-09,202,1457615,fhi:git
2022-08-10,197,1457812,fhi:git
2022-08-11,168,1457980,fhi:git
2022-08-12,167,1458147,fhi:git
2022-08-13,76,1458223,fhi:git
2022-08-14,79,1458302,fhi:git
2022-08-15,188,1458490,fhi:git
2022-08-16,138,1458628,fhi:git
2022-08-17,143,1458771,fhi:git
2022-08-18,137,1458908,fhi:git
2022-08-19,130,1459038,fhi:git
2022-08-20,50,1459088,fhi:git
2022-08-21,65,1459153,fhi:git
2022-08-22,145,1459298,fhi:git
2022-08-23,132,1459430,fhi:git
2022-08-24,127,1459557,fhi:git
2022-08-25,109,1459666,fhi:git
2022-08-26,110,1459776,fhi:git
2022-08-27,55,1459831,fhi:git
2022-08-28,64,1459895,fhi:git
2022-08-29,140,1460035,fhi:git
2022-08-30,94,1460129,fhi:git
2022-08-31,125,1460254,fhi:git
2022-09-01,109,1460363,fhi:git
2022-09-02,101,1460464,fhi:git
2022-09-03,39,1460503,fhi:git
2022-09-04,39,1460542,fhi:git
2022-09-05,120,1460662,fhi:git
2022-09-06,96,1460758,fhi:git
2022-09-07,80,1460838,fhi:git
2022-09-08,86,1460924,fhi:git
2022-09-09,81,1461005,fhi:git
2022-09-10,44,1461049,fhi:git
2022-09-11,38,1461087,fhi:git
2022-09-12,112,1461199,fhi:git
2022-09-13,99,1461298,fhi:git
2022-09-14,85,1461383,fhi:git
2022-09-15,76,1461459,fhi:git
2022-09-16,63,1461522,fhi:git
2022-09-17,37,1461559,fhi:git
2022-09-18,49,1461608,fhi:git
2022-09-19,65,1461673,fhi:git
2022-09-20,86,1461759,fhi:git
2022-09-21,70,1461829,fhi:git
2022-09-22,70,1461899,fhi:git
2022-09-23,66,1461965,fhi:git
2022-09-24,47,1462012,fhi:git
2022-09-25,40,1462052,fhi:git
2022-09-26,95,1462147,fhi:git
2022-09-27,79,1462226,fhi:git
2022-09-28,78,1462304,fhi:git
2022-09-29,85,1462389,fhi:git
2022-09-30,95,1462484,fhi:git
2022-10-01,28,1462512,fhi:git
2022-10-02,32,1462544,fhi:git
2022-10-03,91,1462635,fhi:git
2022-10-04,93,1462728,fhi:git
2022-10-05,72,1462800,fhi:git
2022-10-06,86,1462886,fhi:git
2022-10-07,90,1462976,fhi:git
2022-10-08,38,1463014,fhi:git
2022-10-09,41,1463055,fhi:git
2022-10-10,110,1463165,fhi:git
2022-10-11,64,1463229,fhi:git
2022-10-12,76,1463305,fhi:git
2022-10-13,77,1463382,fhi:git
2022-10-14,82,1463464,fhi:git
2022-10-15,48,1463512,fhi:git
2022-10-16,42,1463554,fhi:git
2022-10-17,92,1463646,fhi:git
2022-10-18,93,1463739,fhi:git
2022-10-19,96,1463835,fhi:git
2022-10-20,78,1463913,fhi:git
2022-10-21,90,1464003,fhi:git
2022-10-22,39,1464042,fhi:git
2022-10-23,73,1464115,fhi:git
2022-10-24,128,1464243,fhi:git
2022-10-25,119,1464362,fhi:git
2022-10-26,118,1464480,fhi:git
2022-10-27,134,1464614,fhi:git
2022-10-28,128,1464742,fhi:git
2022-10-29,80,1464822,fhi:git
2022-10-30,73,1464895,fhi:git
2022-10-31,169,1465064,fhi:git
2022-11-01,153,1465217,fhi:git
2022-11-02,148,1465365,fhi:git
2022-11-03,137,1465502,fhi:git
2022-11-04,132,1465634,fhi:git
2022-11-05,69,1465703,fhi:git
2022-11-06,71,1465774,fhi:git
2022-11-07,187,1465961,fhi:git
2022-11-08,160,1466121,fhi:git
2022-11-09,150,1466271,fhi:git
2022-11-10,118,1466389,fhi:git
2022-11-11,96,1466485,fhi:git
2022-11-12,39,1466524,fhi:git
2022-11-13,36,1466560,fhi:git
2022-11-14,157,1466725,msis:api
2022-11-15,130,1466855,msis:api
2022-11-16,162,1467017,msis:api
2022-11-17,143,1467160,msis:api
2022-11-18,168,1467328,msis:api
2022-11-19,74,1467402,msis:api
2022-11-20,53,1467455,msis:api
2022-11-21,167,1467622,msis:api
2022-11-22,153,1467775,msis:api
2022-11-23,170,1467945,msis:api
2022-11-24,190,1468135,msis:api
2022-11-25,206,1468341,msis:api
2022-11-26,78,1468419,msis:api
2022-11-27,54,1468473,msis:api
2022-11-28,190,1468663,msis:api
2022-11-29,213,1468876,msis:api
2022-11-30,185,1469061,msis:api
2022-12-01,172,1469233,msis:api
2022-12-02,186,1469419,msis:api
2022-12-03,75,1469494,msis:api
2022-12-04,66,1469560,msis:api
2022-12-05,218,1469778,msis:api
2022-12-06,205,1469983,msis:api
2022-12-07,218,1470201,msis:api
2022-12-08,230,1470431,msis:api
2022-12-09,219,1470650,msis:api
2022-12-10,103,1470753,msis:api
2022-12-11,85,1470838,msis:api
2022-12-12,294,1471132,msis:api
2022-12-13,210,1471342,msis:api
2022-12-14,256,1471598,msis:api
2022-12-15,236,1471834,msis:api
2022-12-16,256,1472090,msis:api
2022-12-17,109,1472199,msis:api
2022-12-18,102,1472301,msis:api
2022-12-19,310,1472611,msis:api
2022-12-20,267,1472878,msis:api
2022-12-21,329,1473207,msis:api
2022-12-22,297,1473504,msis:api
2022-12-23,206,1473710,msis:api
2022-12-24,138,1473848,msis:api
2022-12-25,69,1473917,msis:api
2022-12-26,113,1474030,msis:api
2022-12-27,285,1474315,msis:api
2022-12-28,202,1474517,msis:api
2022-12-29,215,1474732,msis:api
2022-12-30,220,1474952,msis:api
2022-12-31,125,1475077,msis:api
2023-01-01,71,1475148,msis:api
2023-01-02,248,1475396,msis:api
2023-01-03,192,1475588,msis:api
2023-01-04,198,1475786,msis:api
2023-01-05,180,1475966,msis:api
2023-01-06,175,1476141,msis:api
2023-01-07,65,1476206,msis:api
2023-01-08,49,1476255,msis:api
2023-01-09,148,1476403,msis:api
2023-01-10,138,1476541,msis:api
2023-01-11,126,1476667,msis:api
2023-01-12,87,1476754,msis:api
2023-01-13,122,1476876,msis:api
2023-01-14,41,1476917,msis:api
2023-01-15,30,1476947,msis:api
2023-01-16,97,1477044,msis:api
2023-01-17,84,1477128,msis:api
2023-01-18,77,1477205,msis:api
2023-01-19,71,1477276,msis:api
2023-01-20,68,1477344,msis:api
2023-01-21,21,1477365,msis:api
2023-01-22,18,1477383,msis:api
2023-01-23,63,1477446,msis:api
2023-01-24,68,1477514,msis:api
2023-01-25,53,1477567,msis:api
2023-01-26,53,1477620,msis:api
2023-01-27,57,1477677,msis:api
2023-01-28,38,1477715,msis:api
2023-01-29,22,1477737,msis:api
2023-01-30,47,1477784,msis:api
2023-01-31,72,1477856,msis:api
2023-02-01,26,1477882,msis:api
