date,new,total,source
2020-02-21,1,1,fhi:git
2020-02-22,0,1,fhi:git
2020-02-23,0,1,fhi:git
2020-02-24,0,1,fhi:git
2020-02-25,0,1,fhi:git
2020-02-26,3,4,fhi:git
2020-02-27,2,6,fhi:git
2020-02-28,9,15,fhi:git
2020-02-29,6,21,fhi:git
2020-03-01,10,31,fhi:git
2020-03-02,12,43,fhi:git
2020-03-03,31,74,fhi:git
2020-03-04,33,107,fhi:git
2020-03-05,33,140,fhi:git
2020-03-06,24,164,fhi:git
2020-03-07,19,183,fhi:git
2020-03-08,65,248,fhi:git
2020-03-09,247,495,fhi:git
2020-03-10,241,736,fhi:git
2020-03-11,175,911,fhi:git
2020-03-12,206,1117,fhi:git
2020-03-13,147,1264,fhi:git
2020-03-14,100,1364,fhi:git
2020-03-15,99,1463,fhi:git
2020-03-16,180,1643,fhi:git
2020-03-17,176,1819,fhi:git
2020-03-18,213,2032,fhi:git
2020-03-19,239,2271,fhi:git
2020-03-20,308,2579,fhi:git
2020-03-21,174,2753,fhi:git
2020-03-22,148,2901,fhi:git
2020-03-23,296,3197,fhi:git
2020-03-24,313,3510,fhi:git
2020-03-25,292,3802,fhi:git
2020-03-26,298,4100,fhi:git
2020-03-27,262,4362,fhi:git
2020-03-28,166,4528,fhi:git
2020-03-29,106,4634,fhi:git
2020-03-30,264,4898,fhi:git
2020-03-31,208,5106,fhi:git
2020-04-01,198,5304,fhi:git
2020-04-02,198,5502,fhi:git
2020-04-03,164,5666,fhi:git
2020-04-04,88,5754,fhi:git
2020-04-05,72,5826,fhi:git
2020-04-06,159,5985,fhi:git
2020-04-07,140,6125,fhi:git
2020-04-08,106,6231,fhi:git
2020-04-09,103,6334,fhi:git
2020-04-10,68,6402,fhi:git
2020-04-11,110,6512,fhi:git
2020-04-12,76,6588,fhi:git
2020-04-13,77,6665,fhi:git
2020-04-14,122,6787,fhi:git
2020-04-15,103,6890,fhi:git
2020-04-16,80,6970,fhi:git
2020-04-17,108,7078,fhi:git
2020-04-18,49,7127,fhi:git
2020-04-19,36,7163,fhi:git
2020-04-20,84,7247,fhi:git
2020-04-21,78,7325,fhi:git
2020-04-22,77,7402,fhi:git
2020-04-23,69,7471,fhi:git
2020-04-24,53,7524,fhi:git
2020-04-25,25,7549,fhi:git
2020-04-26,37,7586,fhi:git
2020-04-27,71,7657,fhi:git
2020-04-28,50,7707,fhi:git
2020-04-29,39,7746,fhi:git
2020-04-30,39,7785,fhi:git
2020-05-01,43,7828,fhi:git
2020-05-02,23,7851,fhi:git
2020-05-03,44,7895,fhi:git
2020-05-04,45,7940,fhi:git
2020-05-05,44,7984,fhi:git
2020-05-06,39,8023,fhi:git
2020-05-07,29,8052,fhi:git
2020-05-08,42,8094,fhi:git
2020-05-09,11,8105,fhi:git
2020-05-10,12,8117,fhi:git
2020-05-11,25,8142,fhi:git
2020-05-12,19,8161,fhi:git
2020-05-13,19,8180,fhi:git
2020-05-14,24,8204,fhi:git
2020-05-15,23,8227,fhi:git
2020-05-16,13,8240,fhi:git
2020-05-17,4,8244,fhi:git
2020-05-18,17,8261,fhi:git
2020-05-19,20,8281,fhi:git
2020-05-20,19,8300,fhi:git
2020-05-21,14,8314,fhi:git
2020-05-22,26,8340,fhi:git
2020-05-23,6,8346,fhi:git
2020-05-24,6,8352,fhi:git
2020-05-25,18,8370,fhi:git
2020-05-26,12,8382,fhi:git
2020-05-27,18,8400,fhi:git
2020-05-28,16,8416,fhi:git
2020-05-29,16,8432,fhi:git
2020-05-30,0,8432,fhi:git
2020-05-31,6,8438,fhi:git
2020-06-01,7,8445,fhi:git
2020-06-02,31,8476,fhi:git
2020-06-03,12,8488,fhi:git
2020-06-04,17,8505,fhi:git
2020-06-05,30,8535,fhi:git
2020-06-06,8,8543,fhi:git
2020-06-07,9,8552,fhi:git
2020-06-08,19,8571,fhi:git
2020-06-09,13,8584,fhi:git
2020-06-10,14,8598,fhi:git
2020-06-11,11,8609,fhi:git
2020-06-12,13,8622,fhi:git
2020-06-13,7,8629,fhi:git
2020-06-14,6,8635,fhi:git
2020-06-15,18,8653,fhi:git
2020-06-16,36,8689,fhi:git
2020-06-17,15,8704,fhi:git
2020-06-18,13,8717,fhi:git
2020-06-19,18,8735,fhi:git
2020-06-20,6,8741,fhi:git
2020-06-21,4,8745,fhi:git
2020-06-22,28,8773,fhi:git
2020-06-23,13,8786,fhi:git
2020-06-24,21,8807,fhi:git
2020-06-25,17,8824,fhi:git
2020-06-26,22,8846,fhi:git
2020-06-27,10,8856,fhi:git
2020-06-28,1,8857,fhi:git
2020-06-29,26,8883,fhi:git
2020-06-30,11,8894,fhi:git
2020-07-01,8,8902,fhi:git
2020-07-02,9,8911,fhi:git
2020-07-03,10,8921,fhi:git
2020-07-04,2,8923,fhi:git
2020-07-05,1,8924,fhi:git
2020-07-06,14,8938,fhi:git
2020-07-07,10,8948,fhi:git
2020-07-08,11,8959,fhi:git
2020-07-09,8,8967,fhi:git
2020-07-10,13,8980,fhi:git
2020-07-11,4,8984,fhi:git
2020-07-12,5,8989,fhi:git
2020-07-13,19,9008,fhi:git
2020-07-14,8,9016,fhi:git
2020-07-15,6,9022,fhi:git
2020-07-16,4,9026,fhi:git
2020-07-17,12,9038,fhi:git
2020-07-18,1,9039,fhi:git
2020-07-19,3,9042,fhi:git
2020-07-20,21,9063,fhi:git
2020-07-21,6,9069,fhi:git
2020-07-22,22,9091,fhi:git
2020-07-23,6,9097,fhi:git
2020-07-24,24,9121,fhi:git
2020-07-25,6,9127,fhi:git
2020-07-26,9,9136,fhi:git
2020-07-27,24,9160,fhi:git
2020-07-28,16,9176,fhi:git
2020-07-29,37,9213,fhi:git
2020-07-30,23,9236,fhi:git
2020-07-31,72,9308,fhi:git
2020-08-01,14,9322,fhi:git
2020-08-02,13,9335,fhi:git
2020-08-03,38,9373,fhi:git
2020-08-04,40,9413,fhi:git
2020-08-05,66,9479,fhi:git
2020-08-06,79,9558,fhi:git
2020-08-07,80,9638,fhi:git
2020-08-08,35,9673,fhi:git
2020-08-09,34,9707,fhi:git
2020-08-10,63,9770,fhi:git
2020-08-11,43,9813,fhi:git
2020-08-12,63,9876,fhi:git
2020-08-13,54,9930,fhi:git
2020-08-14,76,10006,fhi:git
2020-08-15,44,10050,fhi:git
2020-08-16,27,10077,fhi:git
2020-08-17,74,10151,fhi:git
2020-08-18,58,10209,fhi:git
2020-08-19,60,10269,fhi:git
2020-08-20,51,10320,fhi:git
2020-08-21,53,10373,fhi:git
2020-08-22,45,10418,fhi:git
2020-08-23,19,10437,fhi:git
2020-08-24,67,10504,fhi:git
2020-08-25,42,10546,fhi:git
2020-08-26,40,10586,fhi:git
2020-08-27,52,10638,fhi:git
2020-08-28,84,10722,fhi:git
2020-08-29,42,10764,fhi:git
2020-08-30,50,10814,fhi:git
2020-08-31,148,10962,fhi:git
2020-09-01,115,11077,fhi:git
2020-09-02,101,11178,fhi:git
2020-09-03,125,11303,fhi:git
2020-09-04,119,11422,fhi:git
2020-09-05,73,11495,fhi:git
2020-09-06,60,11555,fhi:git
2020-09-07,132,11687,fhi:git
2020-09-08,113,11800,fhi:git
2020-09-09,124,11924,fhi:git
2020-09-10,132,12056,fhi:git
2020-09-11,119,12175,fhi:git
2020-09-12,67,12242,fhi:git
2020-09-13,78,12320,fhi:git
2020-09-14,104,12424,fhi:git
2020-09-15,133,12557,fhi:git
2020-09-16,137,12694,fhi:git
2020-09-17,117,12811,fhi:git
2020-09-18,94,12905,fhi:git
2020-09-19,58,12963,fhi:git
2020-09-20,77,13040,fhi:git
2020-09-21,163,13203,fhi:git
2020-09-22,101,13304,fhi:git
2020-09-23,143,13447,fhi:git
2020-09-24,133,13580,fhi:git
2020-09-25,130,13710,fhi:git
2020-09-26,63,13773,fhi:git
2020-09-27,54,13827,fhi:git
2020-09-28,124,13951,fhi:git
2020-09-29,110,14061,fhi:git
2020-09-30,120,14181,fhi:git
2020-10-01,131,14312,fhi:git
2020-10-02,134,14446,fhi:git
2020-10-03,110,14556,fhi:git
2020-10-04,89,14645,fhi:git
2020-10-05,209,14854,fhi:git
2020-10-06,198,15052,fhi:git
2020-10-07,199,15251,fhi:git
2020-10-08,168,15419,fhi:git
2020-10-09,141,15560,fhi:git
2020-10-10,65,15625,fhi:git
2020-10-11,78,15703,fhi:git
2020-10-12,167,15870,fhi:git
2020-10-13,155,16025,fhi:git
2020-10-14,162,16187,fhi:git
2020-10-15,141,16328,fhi:git
2020-10-16,137,16465,fhi:git
2020-10-17,88,16553,fhi:git
2020-10-18,93,16646,fhi:git
2020-10-19,219,16865,fhi:git
2020-10-20,183,17048,fhi:git
2020-10-21,221,17269,fhi:git
2020-10-22,285,17554,fhi:git
2020-10-23,368,17922,fhi:git
2020-10-24,231,18153,fhi:git
2020-10-25,202,18355,fhi:git
2020-10-26,487,18842,fhi:git
2020-10-27,391,19233,fhi:git
2020-10-28,515,19748,fhi:git
2020-10-29,431,20179,fhi:git
2020-10-30,617,20796,fhi:git
2020-10-31,385,21181,fhi:git
2020-11-01,323,21504,fhi:git
2020-11-02,647,22151,fhi:git
2020-11-03,683,22834,fhi:git
2020-11-04,690,23524,fhi:git
2020-11-05,602,24126,fhi:git
2020-11-06,650,24776,fhi:git
2020-11-07,388,25164,fhi:git
2020-11-08,385,25549,fhi:git
2020-11-09,707,26256,fhi:git
2020-11-10,603,26859,fhi:git
2020-11-11,662,27521,fhi:git
2020-11-12,637,28158,fhi:git
2020-11-13,697,28855,fhi:git
2020-11-14,379,29234,fhi:git
2020-11-15,405,29639,fhi:git
2020-11-16,722,30361,fhi:git
2020-11-17,635,30996,fhi:git
2020-11-18,652,31648,fhi:git
2020-11-19,564,32212,fhi:git
2020-11-20,519,32731,fhi:git
2020-11-21,288,33019,fhi:git
2020-11-22,279,33298,fhi:git
2020-11-23,610,33908,fhi:git
2020-11-24,415,34323,fhi:git
2020-11-25,513,34836,fhi:git
2020-11-26,477,35313,fhi:git
2020-11-27,447,35760,fhi:git
2020-11-28,236,35996,fhi:git
2020-11-29,228,36224,fhi:git
2020-11-30,448,36672,fhi:git
2020-12-01,362,37034,fhi:git
2020-12-02,420,37454,fhi:git
2020-12-03,400,37854,fhi:git
2020-12-04,382,38236,fhi:git
2020-12-05,252,38488,fhi:git
2020-12-06,262,38750,fhi:git
2020-12-07,500,39250,fhi:git
2020-12-08,392,39642,fhi:git
2020-12-09,453,40095,fhi:git
2020-12-10,435,40530,fhi:git
2020-12-11,403,40933,fhi:git
2020-12-12,256,41189,fhi:git
2020-12-13,285,41474,fhi:git
2020-12-14,544,42018,fhi:git
2020-12-15,440,42458,fhi:git
2020-12-16,450,42908,fhi:git
2020-12-17,431,43339,fhi:git
2020-12-18,475,43814,fhi:git
2020-12-19,309,44123,fhi:git
2020-12-20,299,44422,fhi:git
2020-12-21,621,45043,fhi:git
2020-12-22,560,45603,fhi:git
2020-12-23,587,46190,fhi:git
2020-12-24,292,46482,fhi:git
2020-12-25,293,46775,fhi:git
2020-12-26,466,47241,fhi:git
2020-12-27,425,47666,fhi:git
2020-12-28,778,48444,fhi:git
2020-12-29,699,49143,fhi:git
2020-12-30,639,49782,fhi:git
2020-12-31,434,50216,fhi:git
2021-01-01,346,50562,fhi:git
2021-01-02,526,51088,fhi:git
2021-01-03,447,51535,fhi:git
2021-01-04,938,52473,fhi:git
2021-01-05,795,53268,fhi:git
2021-01-06,710,53978,fhi:git
2021-01-07,739,54717,fhi:git
2021-01-08,651,55368,fhi:git
2021-01-09,414,55782,fhi:git
2021-01-10,435,56217,fhi:git
2021-01-11,639,56856,fhi:git
2021-01-12,563,57419,fhi:git
2021-01-13,462,57881,fhi:git
2021-01-14,454,58335,fhi:git
2021-01-15,398,58733,fhi:git
2021-01-16,267,59000,fhi:git
2021-01-17,226,59226,fhi:git
2021-01-18,446,59672,fhi:git
2021-01-19,342,60014,fhi:git
2021-01-20,355,60369,fhi:git
2021-01-21,347,60716,fhi:git
2021-01-22,331,61047,fhi:git
2021-01-23,212,61259,fhi:git
2021-01-24,189,61448,fhi:git
2021-01-25,387,61835,fhi:git
2021-01-26,276,62111,fhi:git
2021-01-27,344,62455,fhi:git
2021-01-28,285,62740,fhi:git
2021-01-29,295,63035,fhi:git
2021-01-30,175,63210,fhi:git
2021-01-31,183,63393,fhi:git
2021-02-01,319,63712,fhi:git
2021-02-02,294,64006,fhi:git
2021-02-03,325,64331,fhi:git
2021-02-04,253,64584,fhi:git
2021-02-05,288,64872,fhi:git
2021-02-06,198,65070,fhi:git
2021-02-07,167,65237,fhi:git
2021-02-08,301,65538,fhi:git
2021-02-09,270,65808,fhi:git
2021-02-10,310,66118,fhi:git
2021-02-11,262,66380,fhi:git
2021-02-12,247,66627,fhi:git
2021-02-13,185,66812,fhi:git
2021-02-14,160,66972,fhi:git
2021-02-15,332,67304,fhi:git
2021-02-16,305,67609,fhi:git
2021-02-17,320,67929,fhi:git
2021-02-18,302,68231,fhi:git
2021-02-19,338,68569,fhi:git
2021-02-20,216,68785,fhi:git
2021-02-21,221,69006,fhi:git
2021-02-22,411,69417,fhi:git
2021-02-23,445,69862,fhi:git
2021-02-24,461,70323,fhi:git
2021-02-25,527,70850,fhi:git
2021-02-26,493,71343,fhi:git
2021-02-27,381,71724,fhi:git
2021-02-28,392,72116,fhi:git
2021-03-01,552,72668,fhi:git
2021-03-02,639,73307,fhi:git
2021-03-03,658,73965,fhi:git
2021-03-04,601,74566,fhi:git
2021-03-05,703,75269,fhi:git
2021-03-06,465,75734,fhi:git
2021-03-07,572,76306,fhi:git
2021-03-08,846,77152,fhi:git
2021-03-09,798,77950,fhi:git
2021-03-10,856,78806,fhi:git
2021-03-11,780,79586,fhi:git
2021-03-12,950,80536,fhi:git
2021-03-13,737,81273,fhi:git
2021-03-14,698,81971,fhi:git
2021-03-15,1107,83078,fhi:git
2021-03-16,1007,84085,fhi:git
2021-03-17,1058,85143,fhi:git
2021-03-18,1044,86187,fhi:git
2021-03-19,1001,87188,fhi:git
2021-03-20,709,87897,fhi:git
2021-03-21,649,88546,fhi:git
2021-03-22,1107,89653,fhi:git
2021-03-23,967,90620,fhi:git
2021-03-24,1001,91621,fhi:git
2021-03-25,871,92492,fhi:git
2021-03-26,895,93387,fhi:git
2021-03-27,602,93989,fhi:git
2021-03-28,477,94466,fhi:git
2021-03-29,865,95331,fhi:git
2021-03-30,849,96180,fhi:git
2021-03-31,806,96986,fhi:git
2021-04-01,624,97610,fhi:git
2021-04-02,700,98310,fhi:git
2021-04-03,612,98922,fhi:git
2021-04-04,653,99575,fhi:git
2021-04-05,715,100290,fhi:git
2021-04-06,888,101178,fhi:git
2021-04-07,848,102026,fhi:git
2021-04-08,770,102796,fhi:git
2021-04-09,712,103508,fhi:git
2021-04-10,496,104004,fhi:git
2021-04-11,396,104400,fhi:git
2021-04-12,738,105138,fhi:git
2021-04-13,595,105733,fhi:git
2021-04-14,601,106334,fhi:git
2021-04-15,549,106883,fhi:git
2021-04-16,579,107462,fhi:git
2021-04-17,331,107793,fhi:git
2021-04-18,346,108139,fhi:git
2021-04-19,575,108714,fhi:git
2021-04-20,532,109246,fhi:git
2021-04-21,538,109784,fhi:git
2021-04-22,463,110247,fhi:git
2021-04-23,510,110757,fhi:git
2021-04-24,287,111044,fhi:git
2021-04-25,317,111361,fhi:git
2021-04-26,502,111863,fhi:git
2021-04-27,481,112344,fhi:git
2021-04-28,419,112763,fhi:git
2021-04-29,414,113177,fhi:git
2021-04-30,441,113618,fhi:git
2021-05-01,251,113869,fhi:git
2021-05-02,296,114165,fhi:git
2021-05-03,511,114676,fhi:git
2021-05-04,463,115139,fhi:git
2021-05-05,495,115634,fhi:git
2021-05-06,509,116143,fhi:git
2021-05-07,438,116581,fhi:git
2021-05-08,352,116933,fhi:git
2021-05-09,352,117285,fhi:git
2021-05-10,524,117809,fhi:git
2021-05-11,427,118236,fhi:git
2021-05-12,380,118616,fhi:git
2021-05-13,298,118914,fhi:git
2021-05-14,415,119329,fhi:git
2021-05-15,240,119569,fhi:git
2021-05-16,280,119849,fhi:git
2021-05-17,183,120032,fhi:git
2021-05-18,542,120574,fhi:git
2021-05-19,541,121115,fhi:git
2021-05-20,603,121718,fhi:git
2021-05-21,668,122386,fhi:git
2021-05-22,352,122738,fhi:git
2021-05-23,338,123076,fhi:git
2021-05-24,383,123459,fhi:git
2021-05-25,428,123887,fhi:git
2021-05-26,363,124250,fhi:git
2021-05-27,384,124634,fhi:git
2021-05-28,347,124981,fhi:git
2021-05-29,199,125180,fhi:git
2021-05-30,185,125365,fhi:git
2021-05-31,344,125709,fhi:git
2021-06-01,387,126096,fhi:git
2021-06-02,293,126389,fhi:git
2021-06-03,282,126671,fhi:git
2021-06-04,262,126933,fhi:git
2021-06-05,145,127078,fhi:git
2021-06-06,151,127229,fhi:git
2021-06-07,203,127432,fhi:git
2021-06-08,213,127645,fhi:git
2021-06-09,207,127852,fhi:git
2021-06-10,202,128054,fhi:git
2021-06-11,155,128209,fhi:git
2021-06-12,129,128338,fhi:git
2021-06-13,111,128449,fhi:git
2021-06-14,208,128657,fhi:git
2021-06-15,195,128852,fhi:git
2021-06-16,215,129067,fhi:git
2021-06-17,197,129264,fhi:git
2021-06-18,171,129435,fhi:git
2021-06-19,153,129588,fhi:git
2021-06-20,115,129703,fhi:git
2021-06-21,205,129908,fhi:git
2021-06-22,266,130174,fhi:git
2021-06-23,239,130413,fhi:git
2021-06-24,174,130587,fhi:git
2021-06-25,175,130762,fhi:git
2021-06-26,106,130868,fhi:git
2021-06-27,106,130974,fhi:git
2021-06-28,226,131200,fhi:git
2021-06-29,213,131413,fhi:git
2021-06-30,261,131674,fhi:git
2021-07-01,197,131871,fhi:git
2021-07-02,186,132057,fhi:git
2021-07-03,99,132156,fhi:git
2021-07-04,123,132279,fhi:git
2021-07-05,207,132486,fhi:git
2021-07-06,200,132686,fhi:git
2021-07-07,204,132890,fhi:git
2021-07-08,183,133073,fhi:git
2021-07-09,175,133248,fhi:git
2021-07-10,108,133356,fhi:git
2021-07-11,101,133457,fhi:git
2021-07-12,187,133644,fhi:git
2021-07-13,146,133790,fhi:git
2021-07-14,183,133973,fhi:git
2021-07-15,187,134160,fhi:git
2021-07-16,226,134386,fhi:git
2021-07-17,111,134497,fhi:git
2021-07-18,144,134641,fhi:git
2021-07-19,229,134870,fhi:git
2021-07-20,173,135043,fhi:git
2021-07-21,261,135304,fhi:git
2021-07-22,215,135519,fhi:git
2021-07-23,251,135770,fhi:git
2021-07-24,175,135945,fhi:git
2021-07-25,199,136144,fhi:git
2021-07-26,315,136459,fhi:git
2021-07-27,349,136808,fhi:git
2021-07-28,422,137230,fhi:git
2021-07-29,346,137576,fhi:git
2021-07-30,354,137930,fhi:git
2021-07-31,250,138180,fhi:git
2021-08-01,244,138424,fhi:git
2021-08-02,455,138879,fhi:git
2021-08-03,446,139325,fhi:git
2021-08-04,502,139827,fhi:git
2021-08-05,463,140290,fhi:git
2021-08-06,478,140768,fhi:git
2021-08-07,322,141090,fhi:git
2021-08-08,331,141421,fhi:git
2021-08-09,669,142090,fhi:git
2021-08-10,576,142666,fhi:git
2021-08-11,610,143276,fhi:git
2021-08-12,539,143815,fhi:git
2021-08-13,546,144361,fhi:git
2021-08-14,434,144795,fhi:git
2021-08-15,376,145171,fhi:git
2021-08-16,625,145796,fhi:git
2021-08-17,637,146433,fhi:git
2021-08-18,689,147122,fhi:git
2021-08-19,669,147791,fhi:git
2021-08-20,741,148532,fhi:git
2021-08-21,592,149124,fhi:git
2021-08-22,554,149678,fhi:git
2021-08-23,1179,150857,fhi:git
2021-08-24,1336,152193,fhi:git
2021-08-25,1414,153607,fhi:git
2021-08-26,1394,155001,fhi:git
2021-08-27,1435,156436,fhi:git
2021-08-28,1000,157436,fhi:git
2021-08-29,956,158392,fhi:git
2021-08-30,1856,160248,fhi:git
2021-08-31,1624,161872,fhi:git
2021-09-01,1613,163485,fhi:git
2021-09-02,1523,165008,fhi:git
2021-09-03,1545,166553,fhi:git
2021-09-04,992,167545,fhi:git
2021-09-05,954,168499,fhi:git
2021-09-06,1784,170283,fhi:git
2021-09-07,1438,171721,fhi:git
2021-09-08,1382,173103,fhi:git
2021-09-09,1326,174429,fhi:git
2021-09-10,1183,175612,fhi:git
2021-09-11,665,176277,fhi:git
2021-09-12,778,177055,fhi:git
2021-09-13,1313,178368,fhi:git
2021-09-14,1012,179380,fhi:git
2021-09-15,921,180301,fhi:git
2021-09-16,810,181111,fhi:git
2021-09-17,684,181795,fhi:git
2021-09-18,510,182305,fhi:git
2021-09-19,481,182786,fhi:git
2021-09-20,988,183774,fhi:git
2021-09-21,702,184476,fhi:git
2021-09-22,725,185201,fhi:git
2021-09-23,760,185961,fhi:git
2021-09-24,650,186611,fhi:git
2021-09-25,404,187015,fhi:git
2021-09-26,386,187401,fhi:git
2021-09-27,750,188151,fhi:git
2021-09-28,609,188760,fhi:git
2021-09-29,583,189343,fhi:git
2021-09-30,498,189841,fhi:git
2021-10-01,488,190329,fhi:git
2021-10-02,300,190629,fhi:git
2021-10-03,256,190885,fhi:git
2021-10-04,657,191542,fhi:git
2021-10-05,486,192028,fhi:git
2021-10-06,492,192520,fhi:git
2021-10-07,449,192969,fhi:git
2021-10-08,446,193415,fhi:git
2021-10-09,238,193653,fhi:git
2021-10-10,243,193896,fhi:git
2021-10-11,616,194512,fhi:git
2021-10-12,459,194971,fhi:git
2021-10-13,386,195357,fhi:git
2021-10-14,375,195732,fhi:git
2021-10-15,448,196180,fhi:git
2021-10-16,290,196470,fhi:git
2021-10-17,259,196729,fhi:git
2021-10-18,746,197475,fhi:git
2021-10-19,580,198055,fhi:git
2021-10-20,715,198770,fhi:git
2021-10-21,645,199415,fhi:git
2021-10-22,752,200167,fhi:git
2021-10-23,463,200630,fhi:git
2021-10-24,502,201132,fhi:git
2021-10-25,1224,202356,fhi:git
2021-10-26,1055,203411,fhi:git
2021-10-27,1114,204525,fhi:git
2021-10-28,1143,205668,fhi:git
2021-10-29,1179,206847,fhi:git
2021-10-30,605,207452,fhi:git
2021-10-31,687,208139,fhi:git
2021-11-01,1975,210114,fhi:git
2021-11-02,1415,211529,fhi:git
2021-11-03,1652,213181,fhi:git
2021-11-04,1498,214679,fhi:git
2021-11-05,1457,216136,fhi:git
2021-11-06,885,217021,fhi:git
2021-11-07,958,217979,fhi:git
2021-11-08,2390,220369,fhi:git
2021-11-09,1753,222122,fhi:git
2021-11-10,1966,224088,fhi:git
2021-11-11,1773,225861,fhi:git
2021-11-12,1791,227652,fhi:git
2021-11-13,1088,228740,fhi:git
2021-11-14,1061,229801,fhi:git
2021-11-15,2861,232662,fhi:git
2021-11-16,2140,234802,fhi:git
2021-11-17,2434,237236,fhi:git
2021-11-18,2335,239571,fhi:git
2021-11-19,2222,241793,fhi:git
2021-11-20,1378,243171,fhi:git
2021-11-21,1351,244522,fhi:git
2021-11-22,3534,248056,fhi:git
2021-11-23,2800,250856,fhi:git
2021-11-24,2939,253795,fhi:git
2021-11-25,2822,256617,fhi:git
2021-11-26,2728,259345,fhi:git
2021-11-27,1796,261141,fhi:git
2021-11-28,1845,262986,fhi:git
2021-11-29,4687,267673,fhi:git
2021-11-30,3788,271461,fhi:git
2021-12-01,4073,275534,fhi:git
2021-12-02,4186,279720,fhi:git
2021-12-03,4293,284013,fhi:git
2021-12-04,2680,286693,fhi:git
2021-12-05,2898,289591,fhi:git
2021-12-06,6473,296064,fhi:git
2021-12-07,5517,301581,fhi:git
2021-12-08,5309,306890,fhi:git
2021-12-09,5301,312191,fhi:git
2021-12-10,5183,317374,fhi:git
2021-12-11,3166,320540,fhi:git
2021-12-12,3212,323752,fhi:git
2021-12-13,6646,330398,fhi:git
2021-12-14,5200,335598,fhi:git
2021-12-15,5022,340620,fhi:git
2021-12-16,4656,345276,fhi:git
2021-12-17,4252,349528,fhi:git
2021-12-18,2748,352276,fhi:git
2021-12-19,2605,354881,fhi:git
2021-12-20,5365,360246,fhi:git
2021-12-21,4173,364419,fhi:git
2021-12-22,3690,368109,fhi:git
2021-12-23,3353,371462,fhi:git
2021-12-24,1781,373243,fhi:git
2021-12-25,2026,375269,fhi:git
2021-12-26,2435,377704,fhi:git
2021-12-27,4797,382501,fhi:git
2021-12-28,4017,386518,fhi:git
2021-12-29,4172,390690,fhi:git
2021-12-30,4193,394883,fhi:git
2021-12-31,2833,397716,fhi:git
2022-01-01,2590,400306,fhi:git
2022-01-02,4056,404362,fhi:git
2022-01-03,9145,413507,fhi:git
2022-01-04,8016,421523,fhi:git
2022-01-05,7047,428570,fhi:git
2022-01-06,6220,434790,fhi:git
2022-01-07,6376,441166,fhi:git
2022-01-08,4435,445601,fhi:git
2022-01-09,5178,450779,fhi:git
2022-01-10,12140,462919,fhi:git
2022-01-11,10917,473836,fhi:git
2022-01-12,11137,484973,fhi:git
2022-01-13,10884,495857,fhi:git
2022-01-14,11350,507207,fhi:git
2022-01-15,7748,514955,fhi:git
2022-01-16,8643,523598,fhi:git
2022-01-17,20822,544420,fhi:git
2022-01-18,18541,562961,fhi:git
2022-01-19,18156,581117,fhi:git
2022-01-20,18280,599397,fhi:git
2022-01-21,18559,617956,fhi:git
2022-01-22,12270,630226,fhi:git
2022-01-23,12869,643095,fhi:git
2022-01-24,28366,671461,fhi:git
2022-01-25,23591,695052,fhi:git
2022-01-26,22090,717142,fhi:git
2022-01-27,20094,737236,fhi:git
2022-01-28,19003,756239,fhi:git
2022-01-29,10780,767019,fhi:git
2022-01-30,11548,778567,fhi:git
2022-01-31,27867,806434,fhi:git
2022-02-01,23470,829904,fhi:git
2022-02-02,20359,850263,fhi:git
2022-02-03,17534,867797,fhi:git
2022-02-04,17422,885219,fhi:git
2022-02-05,10968,896187,fhi:git
2022-02-06,11101,907288,fhi:git
2022-02-07,29479,936767,fhi:git
2022-02-08,25520,962287,fhi:git
2022-02-09,24017,986304,fhi:git
2022-02-10,21935,1008239,fhi:git
2022-02-11,20538,1028777,fhi:git
2022-02-12,9193,1037970,fhi:git
2022-02-13,7832,1045802,fhi:git
2022-02-14,20273,1066075,fhi:git
2022-02-15,16667,1082742,fhi:git
2022-02-16,17191,1099933,fhi:git
2022-02-17,15827,1115760,fhi:git
2022-02-18,15700,1131460,fhi:git
2022-02-19,7700,1139160,fhi:git
2022-02-20,7537,1146697,fhi:git
2022-02-21,22217,1168914,fhi:git
2022-02-22,18336,1187250,fhi:git
2022-02-23,18140,1205390,fhi:git
2022-02-24,15341,1220731,fhi:git
2022-02-25,14545,1235276,fhi:git
2022-02-26,6209,1241485,fhi:git
2022-02-27,6188,1247673,fhi:git
2022-02-28,17547,1265220,fhi:git
2022-03-01,12467,1277687,fhi:git
2022-03-02,11102,1288789,fhi:git
2022-03-03,8896,1297685,fhi:git
2022-03-04,8290,1305975,fhi:git
2022-03-05,3722,1309697,fhi:git
2022-03-06,3397,1313094,fhi:git
2022-03-07,11621,1324715,fhi:git
2022-03-08,7558,1332273,fhi:git
2022-03-09,7188,1339461,fhi:git
2022-03-10,5846,1345307,fhi:git
2022-03-11,5385,1350692,fhi:git
2022-03-12,2208,1352900,fhi:git
2022-03-13,2256,1355156,fhi:git
2022-03-14,7377,1362533,fhi:git
2022-03-15,4628,1367161,fhi:git
2022-03-16,4568,1371729,fhi:git
2022-03-17,3777,1375506,fhi:git
2022-03-18,3466,1378972,fhi:git
2022-03-19,1576,1380548,fhi:git
2022-03-20,1289,1381837,fhi:git
2022-03-21,4697,1386534,fhi:git
2022-03-22,3003,1389537,fhi:git
2022-03-23,3245,1392782,fhi:git
2022-03-24,2495,1395277,fhi:git
2022-03-25,2291,1397568,fhi:git
2022-03-26,987,1398555,fhi:git
2022-03-27,816,1399371,fhi:git
2022-03-28,2846,1402217,fhi:git
2022-03-29,1743,1403960,fhi:git
2022-03-30,1968,1405928,fhi:git
2022-03-31,1459,1407387,fhi:git
2022-04-01,1438,1408825,fhi:git
2022-04-02,549,1409374,fhi:git
2022-04-03,510,1409884,fhi:git
2022-04-04,1839,1411723,fhi:git
2022-04-05,1251,1412974,fhi:git
2022-04-06,1221,1414195,fhi:git
2022-04-07,913,1415108,fhi:git
2022-04-08,948,1416056,fhi:git
2022-04-09,390,1416446,fhi:git
2022-04-10,331,1416777,fhi:git
2022-04-11,1159,1417936,fhi:git
2022-04-12,728,1418664,fhi:git
2022-04-13,564,1419228,fhi:git
2022-04-14,303,1419531,fhi:git
2022-04-15,324,1419855,fhi:git
2022-04-16,348,1420203,fhi:git
2022-04-17,219,1420422,fhi:git
2022-04-18,473,1420895,fhi:git
2022-04-19,1140,1422035,fhi:git
2022-04-20,752,1422787,fhi:git
2022-04-21,571,1423358,fhi:git
2022-04-22,549,1423907,fhi:git
2022-04-23,157,1424064,fhi:git
2022-04-24,134,1424198,fhi:git
2022-04-25,620,1424818,fhi:git
2022-04-26,351,1425169,fhi:git
2022-04-27,409,1425578,fhi:git
2022-04-28,340,1425918,fhi:git
2022-04-29,344,1426262,fhi:git
2022-04-30,107,1426369,fhi:git
2022-05-01,86,1426455,fhi:git
2022-05-02,465,1426920,fhi:git
2022-05-03,333,1427253,fhi:git
2022-05-04,298,1427551,fhi:git
2022-05-05,288,1427839,fhi:git
2022-05-06,319,1428158,fhi:git
2022-05-07,89,1428247,fhi:git
2022-05-08,86,1428333,fhi:git
2022-05-09,460,1428793,fhi:git
2022-05-10,291,1429084,fhi:git
2022-05-11,307,1429391,fhi:git
2022-05-12,277,1429668,fhi:git
2022-05-13,291,1429959,fhi:git
2022-05-14,86,1430045,fhi:git
2022-05-15,63,1430108,fhi:git
2022-05-16,397,1430505,fhi:git
2022-05-17,44,1430549,fhi:git
2022-05-18,371,1430920,fhi:git
2022-05-19,284,1431204,fhi:git
2022-05-20,294,1431498,fhi:git
2022-05-21,89,1431587,fhi:git
2022-05-22,74,1431661,fhi:git
2022-05-23,423,1432084,fhi:git
2022-05-24,285,1432369,fhi:git
2022-05-25,302,1432671,fhi:git
2022-05-26,78,1432749,fhi:git
2022-05-27,331,1433080,fhi:git
2022-05-28,77,1433157,fhi:git
2022-05-29,81,1433238,fhi:git
2022-05-30,473,1433711,fhi:git
2022-05-31,298,1434009,fhi:git
2022-06-01,315,1434324,fhi:git
2022-06-02,297,1434621,fhi:git
2022-06-03,305,1434926,fhi:git
2022-06-04,93,1435019,fhi:git
2022-06-05,76,1435095,fhi:git
2022-06-06,122,1435217,fhi:git
2022-06-07,514,1435731,fhi:git
2022-06-08,421,1436152,fhi:git
2022-06-09,385,1436537,fhi:git
2022-06-10,420,1436957,fhi:git
2022-06-11,119,1437076,fhi:git
2022-06-12,129,1437205,fhi:git
2022-06-13,579,1437784,fhi:git
2022-06-14,445,1438229,fhi:git
2022-06-15,511,1438740,fhi:git
2022-06-16,552,1439292,fhi:git
2022-06-17,634,1439926,fhi:git
2022-06-18,165,1440091,fhi:git
2022-06-19,172,1440263,fhi:git
2022-06-20,940,1441203,fhi:git
2022-06-21,746,1441949,fhi:git
2022-06-22,874,1442823,fhi:git
2022-06-23,756,1443579,fhi:git
2022-06-24,814,1444393,fhi:git
2022-06-25,242,1444635,fhi:git
2022-06-26,224,1444859,fhi:git
2022-06-27,992,1445851,fhi:git
2022-06-28,755,1446606,fhi:git
2022-06-29,680,1447286,fhi:git
2022-06-30,588,1447874,fhi:git
2022-07-01,453,1448327,fhi:git
2022-07-02,194,1448521,fhi:git
2022-07-03,148,1448669,fhi:git
2022-07-04,473,1449142,fhi:git
2022-07-05,346,1449488,fhi:git
2022-07-06,151,1449639,fhi:git
2022-07-07,472,1450111,msis:api
2022-07-08,380,1450491,msis:api
2022-07-09,143,1450634,msis:api
2022-07-10,96,1450730,msis:api
2022-07-11,0,1450730,msis:api
