date,new_neg,new_pos,pr100_pos,new_total,total_neg,total_pos,total,source
2020-04-01,3739,198,5.0,3937,3739,198,3937,fhi:git
2020-04-02,3363,198,5.6,3561,7102,396,7498,fhi:git
2020-04-03,3392,164,4.6,3556,10494,560,11054,fhi:git
2020-04-04,1298,88,6.3,1386,11792,648,12440,fhi:git
2020-04-05,1046,72,6.4,1118,12838,720,13558,fhi:git
2020-04-06,3373,159,4.5,3532,16211,879,17090,fhi:git
2020-04-07,2832,140,4.7,2972,19043,1019,20062,fhi:git
2020-04-08,2170,106,4.7,2276,21213,1125,22338,fhi:git
2020-04-09,1227,103,7.7,1330,22440,1228,23668,fhi:git
2020-04-10,1287,68,5.0,1355,23727,1296,25023,fhi:git
2020-04-11,1312,110,7.7,1422,25039,1406,26445,fhi:git
2020-04-12,1169,76,6.1,1245,26208,1482,27690,fhi:git
2020-04-13,1241,77,5.8,1318,27449,1559,29008,fhi:git
2020-04-14,3247,122,3.6,3369,30696,1681,32377,fhi:git
2020-04-15,3325,103,3.0,3428,34021,1784,35805,fhi:git
2020-04-16,3030,80,2.6,3110,37051,1864,38915,fhi:git
2020-04-17,3024,108,3.4,3132,40075,1972,42047,fhi:git
2020-04-18,1127,49,4.2,1176,41202,2021,43223,fhi:git
2020-04-19,1107,36,3.1,1143,42309,2057,44366,fhi:git
2020-04-20,3693,84,2.2,3777,46002,2141,48143,fhi:git
2020-04-21,3504,78,2.2,3582,49506,2219,51725,fhi:git
2020-04-22,3269,77,2.3,3346,52775,2296,55071,fhi:git
2020-04-23,2907,69,2.3,2976,55682,2365,58047,fhi:git
2020-04-24,3230,53,1.6,3283,58912,2418,61330,fhi:git
2020-04-25,1107,25,2.2,1132,60019,2443,62462,fhi:git
2020-04-26,936,37,3.8,973,60955,2480,63435,fhi:git
2020-04-27,4033,71,1.7,4104,64988,2551,67539,fhi:git
2020-04-28,4062,50,1.2,4112,69050,2601,71651,fhi:git
2020-04-29,3916,39,1.0,3955,72966,2640,75606,fhi:git
2020-04-30,4401,39,0.9,4440,77367,2679,80046,fhi:git
2020-05-01,1469,43,2.8,1512,78836,2722,81558,fhi:git
2020-05-02,1532,23,1.5,1555,80368,2745,83113,fhi:git
2020-05-03,1219,44,3.5,1263,81587,2789,84376,fhi:git
2020-05-04,4684,45,1.0,4729,86271,2834,89105,fhi:git
2020-05-05,4273,43,1.0,4316,90544,2877,93421,fhi:git
2020-05-06,4245,39,0.9,4284,94789,2916,97705,fhi:git
2020-05-07,3724,29,0.8,3753,98513,2945,101458,fhi:git
2020-05-08,3764,42,1.1,3806,102277,2987,105264,fhi:git
2020-05-09,1294,11,0.8,1305,103571,2998,106569,fhi:git
2020-05-10,992,12,1.2,1004,104563,3010,107573,fhi:git
2020-05-11,4377,25,0.6,4402,108940,3035,111975,fhi:git
2020-05-12,4779,19,0.4,4798,113719,3054,116773,fhi:git
2020-05-13,4453,19,0.4,4472,118172,3073,121245,fhi:git
2020-05-14,4183,24,0.6,4207,122355,3097,125452,fhi:git
2020-05-15,4157,23,0.6,4180,126512,3120,129632,fhi:git
2020-05-16,1299,13,1.0,1312,127811,3133,130944,fhi:git
2020-05-17,663,4,0.6,667,128474,3137,131611,fhi:git
2020-05-18,4396,17,0.4,4413,132870,3154,136024,fhi:git
2020-05-19,4643,20,0.4,4663,137513,3174,140687,fhi:git
2020-05-20,3937,19,0.5,3956,141450,3193,144643,fhi:git
2020-05-21,1136,14,1.2,1150,142586,3207,145793,fhi:git
2020-05-22,3323,26,0.8,3349,145909,3233,149142,fhi:git
2020-05-23,1036,6,0.6,1042,146945,3239,150184,fhi:git
2020-05-24,896,6,0.7,902,147841,3245,151086,fhi:git
2020-05-25,4054,18,0.4,4072,151895,3263,155158,fhi:git
2020-05-26,3446,12,0.3,3458,155341,3275,158616,fhi:git
2020-05-27,3270,18,0.5,3288,158611,3293,161904,fhi:git
2020-05-28,2771,16,0.6,2787,161382,3309,164691,fhi:git
2020-05-29,2579,16,0.6,2595,163961,3325,167286,fhi:git
2020-05-30,0,0,0.0,0,163961,3325,167286,fhi:git
2020-05-31,630,6,0.9,636,164591,3331,167922,fhi:git
2020-06-01,739,7,0.9,746,165330,3338,168668,fhi:git
2020-06-02,3818,31,0.8,3849,169148,3369,172517,fhi:git
2020-06-03,3128,12,0.4,3140,172276,3381,175657,fhi:git
2020-06-04,2914,17,0.6,2931,175190,3398,178588,fhi:git
2020-06-05,2905,30,1.0,2935,178095,3428,181523,fhi:git
2020-06-06,944,8,0.8,952,179039,3436,182475,fhi:git
2020-06-07,939,9,0.9,948,179978,3445,183423,fhi:git
2020-06-08,5737,18,0.3,5755,185715,3463,189178,fhi:git
2020-06-09,5647,13,0.2,5660,191362,3476,194838,fhi:git
2020-06-10,4548,14,0.3,4562,195910,3490,199400,fhi:git
2020-06-11,4859,11,0.2,4870,200769,3501,204270,fhi:git
2020-06-12,4622,13,0.3,4635,205391,3514,208905,fhi:git
2020-06-13,1242,7,0.6,1249,206633,3521,210154,fhi:git
2020-06-14,1129,6,0.5,1135,207762,3527,211289,fhi:git
2020-06-15,5836,18,0.3,5854,213598,3545,217143,fhi:git
2020-06-16,5422,36,0.7,5458,219020,3581,222601,fhi:git
2020-06-17,4970,15,0.3,4985,223990,3596,227586,fhi:git
2020-06-18,4552,13,0.3,4565,228542,3609,232151,fhi:git
2020-06-19,3795,18,0.5,3813,232337,3627,235964,fhi:git
2020-06-20,1059,6,0.6,1065,233396,3633,237029,fhi:git
2020-06-21,1030,4,0.4,1034,234426,3637,238063,fhi:git
2020-06-22,5011,28,0.6,5039,239437,3665,243102,fhi:git
2020-06-23,4653,13,0.3,4666,244090,3678,247768,fhi:git
2020-06-24,4613,21,0.5,4634,248703,3699,252402,fhi:git
2020-06-25,4163,17,0.4,4180,252866,3716,256582,fhi:git
2020-06-26,3914,22,0.6,3936,256780,3738,260518,fhi:git
2020-06-27,1106,10,0.9,1116,257886,3748,261634,fhi:git
2020-06-28,993,1,0.1,994,258879,3749,262628,fhi:git
2020-06-29,5920,26,0.4,5946,264799,3775,268574,fhi:git
2020-06-30,5020,11,0.2,5031,269819,3786,273605,fhi:git
2020-07-01,5116,8,0.2,5124,274935,3794,278729,fhi:git
2020-07-02,4738,9,0.2,4747,279673,3803,283476,fhi:git
2020-07-03,4534,10,0.2,4544,284207,3813,288020,fhi:git
2020-07-04,1428,2,0.1,1430,285635,3815,289450,fhi:git
2020-07-05,1198,1,0.1,1199,286833,3816,290649,fhi:git
2020-07-06,6316,14,0.2,6330,293149,3830,296979,fhi:git
2020-07-07,5340,10,0.2,5350,298489,3840,302329,fhi:git
2020-07-08,5295,11,0.2,5306,303784,3851,307635,fhi:git
2020-07-09,4812,8,0.2,4820,308596,3859,312455,fhi:git
2020-07-10,4691,13,0.3,4704,313287,3872,317159,fhi:git
2020-07-11,1393,4,0.3,1397,314680,3876,318556,fhi:git
2020-07-12,1196,5,0.4,1201,315876,3881,319757,fhi:git
2020-07-13,6356,19,0.3,6375,322232,3900,326132,fhi:git
2020-07-14,5259,8,0.2,5267,327491,3908,331399,fhi:git
2020-07-15,5405,6,0.1,5411,332896,3914,336810,fhi:git
2020-07-16,4557,4,0.1,4561,337453,3918,341371,fhi:git
2020-07-17,4133,12,0.3,4145,341586,3930,345516,fhi:git
2020-07-18,1420,1,0.1,1421,343006,3931,346937,fhi:git
2020-07-19,1347,3,0.2,1350,344353,3934,348287,fhi:git
2020-07-20,6003,21,0.3,6024,350356,3955,354311,fhi:git
2020-07-21,4820,6,0.1,4826,355176,3961,359137,fhi:git
2020-07-22,4909,22,0.4,4931,360085,3983,364068,fhi:git
2020-07-23,4479,6,0.1,4485,364564,3989,368553,fhi:git
2020-07-24,4506,24,0.5,4530,369070,4013,373083,fhi:git
2020-07-25,1703,6,0.4,1709,370773,4019,374792,fhi:git
2020-07-26,1464,9,0.6,1473,372237,4028,376265,fhi:git
2020-07-27,6855,24,0.3,6879,379092,4052,383144,fhi:git
2020-07-28,5879,16,0.3,5895,384971,4068,389039,fhi:git
2020-07-29,5863,37,0.6,5900,390834,4105,394939,fhi:git
2020-07-30,5544,23,0.4,5567,396378,4128,400506,fhi:git
2020-07-31,5402,72,1.3,5474,401780,4200,405980,fhi:git
2020-08-01,2102,14,0.7,2116,403882,4214,408096,fhi:git
2020-08-02,1894,13,0.7,1907,405776,4227,410003,fhi:git
2020-08-03,9289,38,0.4,9327,415065,4265,419330,fhi:git
2020-08-04,8404,40,0.5,8444,423469,4305,427774,fhi:git
2020-08-05,8700,66,0.8,8766,432169,4371,436540,fhi:git
2020-08-06,8613,79,0.9,8692,440782,4450,445232,fhi:git
2020-08-07,8372,80,0.9,8452,449154,4530,453684,fhi:git
2020-08-08,3269,35,1.1,3304,452423,4565,456988,fhi:git
2020-08-09,3142,34,1.1,3176,455565,4599,460164,fhi:git
2020-08-10,13445,63,0.5,13508,469010,4662,473672,fhi:git
2020-08-11,12937,43,0.3,12980,481947,4705,486652,fhi:git
2020-08-12,13385,63,0.5,13448,495332,4768,500100,fhi:git
2020-08-13,13220,54,0.4,13274,508552,4822,513374,fhi:git
2020-08-14,13707,76,0.6,13783,522259,4898,527157,fhi:git
2020-08-15,5994,44,0.7,6038,528253,4942,533195,fhi:git
2020-08-16,5276,27,0.5,5303,533529,4969,538498,fhi:git
2020-08-17,18202,74,0.4,18276,551731,5043,556774,fhi:git
2020-08-18,16936,58,0.3,16994,568667,5101,573768,fhi:git
2020-08-19,16481,60,0.4,16541,585148,5161,590309,fhi:git
2020-08-20,15620,50,0.3,15670,600768,5211,605979,fhi:git
2020-08-21,15224,53,0.3,15277,615992,5264,621256,fhi:git
2020-08-22,6773,45,0.7,6818,622765,5309,628074,fhi:git
2020-08-23,6948,19,0.3,6967,629713,5328,635041,fhi:git
2020-08-24,21131,67,0.3,21198,650844,5395,656239,fhi:git
2020-08-25,19353,42,0.2,19395,670197,5437,675634,fhi:git
2020-08-26,18830,40,0.2,18870,689027,5477,694504,fhi:git
2020-08-27,17304,52,0.3,17356,706331,5529,711860,fhi:git
2020-08-28,16434,84,0.5,16518,722765,5613,728378,fhi:git
2020-08-29,6357,42,0.7,6399,729122,5655,734777,fhi:git
2020-08-30,6752,50,0.7,6802,735874,5705,741579,fhi:git
2020-08-31,22597,148,0.7,22745,758471,5853,764324,fhi:git
2020-09-01,20334,115,0.6,20449,778805,5968,784773,fhi:git
2020-09-02,19099,101,0.5,19200,797904,6069,803973,fhi:git
2020-09-03,17626,125,0.7,17751,815530,6194,821724,fhi:git
2020-09-04,15493,119,0.8,15612,831023,6313,837336,fhi:git
2020-09-05,5949,73,1.2,6022,836972,6386,843358,fhi:git
2020-09-06,6370,60,0.9,6430,843342,6446,849788,fhi:git
2020-09-07,20905,132,0.6,21037,864247,6578,870825,fhi:git
2020-09-08,18774,113,0.6,18887,883021,6691,889712,fhi:git
2020-09-09,17837,124,0.7,17961,900858,6815,907673,fhi:git
2020-09-10,15567,132,0.8,15699,916425,6947,923372,fhi:git
2020-09-11,14868,119,0.8,14987,931293,7066,938359,fhi:git
2020-09-12,7051,67,0.9,7118,938344,7133,945477,fhi:git
2020-09-13,6698,78,1.2,6776,945042,7211,952253,fhi:git
2020-09-14,21445,104,0.5,21549,966487,7315,973802,fhi:git
2020-09-15,18894,132,0.7,19026,985381,7447,992828,fhi:git
2020-09-16,17573,137,0.8,17710,1002954,7584,1010538,fhi:git
2020-09-17,15178,117,0.8,15295,1018132,7701,1025833,fhi:git
2020-09-18,14060,94,0.7,14154,1032192,7795,1039987,fhi:git
2020-09-19,5796,58,1.0,5854,1037988,7853,1045841,fhi:git
2020-09-20,5743,77,1.3,5820,1043731,7930,1051661,fhi:git
2020-09-21,20654,163,0.8,20817,1064385,8093,1072478,fhi:git
2020-09-22,16716,101,0.6,16817,1081101,8194,1089295,fhi:git
2020-09-23,16236,143,0.9,16379,1097337,8337,1105674,fhi:git
2020-09-24,14367,133,0.9,14500,1111704,8470,1120174,fhi:git
2020-09-25,13785,130,0.9,13915,1125489,8600,1134089,fhi:git
2020-09-26,5980,63,1.0,6043,1131469,8663,1140132,fhi:git
2020-09-27,5939,54,0.9,5993,1137408,8717,1146125,fhi:git
2020-09-28,19134,124,0.6,19258,1156542,8841,1165383,fhi:git
2020-09-29,15438,110,0.7,15548,1171980,8951,1180931,fhi:git
2020-09-30,14884,120,0.8,15004,1186864,9071,1195935,fhi:git
2020-10-01,12828,131,1.0,12959,1199692,9202,1208894,fhi:git
2020-10-02,13068,134,1.0,13202,1212760,9336,1222096,fhi:git
2020-10-03,5719,110,1.9,5829,1218479,9446,1227925,fhi:git
2020-10-04,5950,89,1.5,6039,1224429,9535,1233964,fhi:git
2020-10-05,19137,209,1.1,19346,1243566,9744,1253310,fhi:git
2020-10-06,14822,198,1.3,15020,1258388,9942,1268330,fhi:git
2020-10-07,14172,199,1.4,14371,1272560,10141,1282701,fhi:git
2020-10-08,12972,168,1.3,13140,1285532,10309,1295841,fhi:git
2020-10-09,12683,141,1.1,12824,1298215,10450,1308665,fhi:git
2020-10-10,5873,65,1.1,5938,1304088,10515,1314603,fhi:git
2020-10-11,6422,78,1.2,6500,1310510,10593,1321103,fhi:git
2020-10-12,19756,166,0.8,19922,1330266,10759,1341025,fhi:git
2020-10-13,15685,155,1.0,15840,1345951,10914,1356865,fhi:git
2020-10-14,15180,162,1.1,15342,1361131,11076,1372207,fhi:git
2020-10-15,13716,141,1.0,13857,1374847,11217,1386064,fhi:git
2020-10-16,13008,137,1.0,13145,1387855,11354,1399209,fhi:git
2020-10-17,5886,88,1.5,5974,1393741,11442,1405183,fhi:git
2020-10-18,6359,93,1.4,6452,1400100,11535,1411635,fhi:git
2020-10-19,20526,219,1.1,20745,1420626,11754,1432380,fhi:git
2020-10-20,16900,183,1.1,17083,1437526,11937,1449463,fhi:git
2020-10-21,16048,221,1.4,16269,1453574,12158,1465732,fhi:git
2020-10-22,15385,285,1.8,15670,1468959,12443,1481402,fhi:git
2020-10-23,15137,368,2.4,15505,1484096,12811,1496907,fhi:git
2020-10-24,7320,231,3.1,7551,1491416,13042,1504458,fhi:git
2020-10-25,7628,202,2.6,7830,1499044,13244,1512288,fhi:git
2020-10-26,23157,487,2.1,23644,1522201,13731,1535932,fhi:git
2020-10-27,20693,391,1.9,21084,1542894,14122,1557016,fhi:git
2020-10-28,20852,514,2.4,21366,1563746,14636,1578382,fhi:git
2020-10-29,20686,431,2.0,21117,1584432,15067,1599499,fhi:git
2020-10-30,20119,616,3.0,20735,1604551,15683,1620234,fhi:git
2020-10-31,9281,385,4.0,9666,1613832,16068,1629900,fhi:git
2020-11-01,9464,323,3.3,9787,1623296,16391,1639687,fhi:git
2020-11-02,27396,647,2.3,28043,1650692,17038,1667730,fhi:git
2020-11-03,26664,682,2.5,27346,1677356,17720,1695076,fhi:git
2020-11-04,25205,690,2.7,25895,1702561,18410,1720971,fhi:git
2020-11-05,27270,602,2.2,27872,1729831,19012,1748843,fhi:git
2020-11-06,26740,650,2.4,27390,1756571,19662,1776233,fhi:git
2020-11-07,12193,388,3.1,12581,1768764,20050,1788814,fhi:git
2020-11-08,11367,385,3.3,11752,1780131,20435,1800566,fhi:git
2020-11-09,30432,706,2.3,31138,1810563,21141,1831704,fhi:git
2020-11-10,25124,603,2.3,25727,1835687,21744,1857431,fhi:git
2020-11-11,23217,662,2.8,23879,1858904,22406,1881310,fhi:git
2020-11-12,23048,637,2.7,23685,1881952,23043,1904995,fhi:git
2020-11-13,21484,697,3.1,22181,1903436,23740,1927176,fhi:git
2020-11-14,9548,379,3.8,9927,1912984,24119,1937103,fhi:git
2020-11-15,10564,405,3.7,10969,1923548,24524,1948072,fhi:git
2020-11-16,27789,720,2.5,28509,1951337,25244,1976581,fhi:git
2020-11-17,21189,635,2.9,21824,1972526,25879,1998405,fhi:git
2020-11-18,20961,652,3.0,21613,1993487,26531,2020018,fhi:git
2020-11-19,18831,564,2.9,19395,2012318,27095,2039413,fhi:git
2020-11-20,17640,519,2.9,18159,2029958,27614,2057572,fhi:git
2020-11-21,8024,288,3.5,8312,2037982,27902,2065884,fhi:git
2020-11-22,8098,279,3.3,8377,2046080,28181,2074261,fhi:git
2020-11-23,25180,608,2.4,25788,2071260,28789,2100049,fhi:git
2020-11-24,19113,413,2.1,19526,2090373,29202,2119575,fhi:git
2020-11-25,18928,513,2.6,19441,2109301,29715,2139016,fhi:git
2020-11-26,18130,477,2.6,18607,2127431,30192,2157623,fhi:git
2020-11-27,15502,447,2.8,15949,2142933,30639,2173572,fhi:git
2020-11-28,6794,236,3.4,7030,2149727,30875,2180602,fhi:git
2020-11-29,6879,228,3.2,7107,2156606,31103,2187709,fhi:git
2020-11-30,22555,448,1.9,23003,2179161,31551,2210712,fhi:git
2020-12-01,18004,362,2.0,18366,2197165,31913,2229078,fhi:git
2020-12-02,17228,420,2.4,17648,2214393,32333,2246726,fhi:git
2020-12-03,17192,400,2.3,17592,2231585,32733,2264318,fhi:git
2020-12-04,15328,381,2.4,15709,2246913,33114,2280027,fhi:git
2020-12-05,6562,252,3.7,6814,2253475,33366,2286841,fhi:git
2020-12-06,7129,262,3.5,7391,2260604,33628,2294232,fhi:git
2020-12-07,23207,500,2.1,23707,2283811,34128,2317939,fhi:git
2020-12-08,18654,392,2.1,19046,2302465,34520,2336985,fhi:git
2020-12-09,18471,453,2.4,18924,2320936,34973,2355909,fhi:git
2020-12-10,18903,435,2.2,19338,2339839,35408,2375247,fhi:git
2020-12-11,17444,403,2.3,17847,2357283,35811,2393094,fhi:git
2020-12-12,8746,256,2.8,9002,2366029,36067,2402096,fhi:git
2020-12-13,8858,285,3.1,9143,2374887,36352,2411239,fhi:git
2020-12-14,25553,544,2.1,26097,2400440,36896,2437336,fhi:git
2020-12-15,22177,440,1.9,22617,2422617,37336,2459953,fhi:git
2020-12-16,22714,450,1.9,23164,2445331,37786,2483117,fhi:git
2020-12-17,23534,431,1.8,23965,2468865,38217,2507082,fhi:git
2020-12-18,23811,475,2.0,24286,2492676,38692,2531368,fhi:git
2020-12-19,13022,309,2.3,13331,2505698,39001,2544699,fhi:git
2020-12-20,12418,299,2.4,12717,2518116,39300,2557416,fhi:git
2020-12-21,31187,621,2.0,31808,2549303,39921,2589224,fhi:git
2020-12-22,26009,560,2.1,26569,2575312,40481,2615793,fhi:git
2020-12-23,17801,586,3.2,18387,2593113,41067,2634180,fhi:git
2020-12-24,5815,292,4.8,6107,2598928,41359,2640287,fhi:git
2020-12-25,6300,293,4.4,6593,2605228,41652,2646880,fhi:git
2020-12-26,10461,466,4.3,10927,2615689,42118,2657807,fhi:git
2020-12-27,9883,424,4.1,10307,2625572,42542,2668114,fhi:git
2020-12-28,21001,778,3.6,21779,2646573,43320,2689893,fhi:git
2020-12-29,18660,699,3.6,19359,2665233,44019,2709252,fhi:git
2020-12-30,18516,639,3.3,19155,2683749,44658,2728407,fhi:git
2020-12-31,8646,434,4.8,9080,2692395,45092,2737487,fhi:git
2021-01-01,6938,345,4.7,7283,2699333,45437,2744770,fhi:git
2021-01-02,14801,525,3.4,15326,2714134,45962,2760096,fhi:git
2021-01-03,14863,444,2.9,15307,2728997,46406,2775403,fhi:git
2021-01-04,37013,937,2.5,37950,2766010,47343,2813353,fhi:git
2021-01-05,30936,788,2.5,31724,2796946,48131,2845077,fhi:git
2021-01-06,29127,710,2.4,29837,2826073,48841,2874914,fhi:git
2021-01-07,28489,736,2.5,29225,2854562,49577,2904139,fhi:git
2021-01-08,26993,650,2.4,27643,2881555,50227,2931782,fhi:git
2021-01-09,14969,414,2.7,15383,2896524,50641,2947165,fhi:git
2021-01-10,14212,435,3.0,14647,2910736,51076,2961812,fhi:git
2021-01-11,31942,638,2.0,32580,2942678,51714,2994392,fhi:git
2021-01-12,22980,562,2.4,23542,2965658,52276,3017934,fhi:git
2021-01-13,21804,461,2.1,22265,2987462,52737,3040199,fhi:git
2021-01-14,19723,454,2.3,20177,3007185,53191,3060376,fhi:git
2021-01-15,18182,397,2.1,18579,3025367,53588,3078955,fhi:git
2021-01-16,8383,267,3.1,8650,3033750,53855,3087605,fhi:git
2021-01-17,8412,226,2.6,8638,3042162,54081,3096243,fhi:git
2021-01-18,22813,446,1.9,23259,3064975,54527,3119502,fhi:git
2021-01-19,17525,342,1.9,17867,3082500,54869,3137369,fhi:git
2021-01-20,17213,354,2.0,17567,3099713,55223,3154936,fhi:git
2021-01-21,14898,345,2.3,15243,3114611,55568,3170179,fhi:git
2021-01-22,14702,331,2.2,15033,3129313,55899,3185212,fhi:git
2021-01-23,8271,213,2.5,8484,3137584,56112,3193696,fhi:git
2021-01-24,9383,189,2.0,9572,3146967,56301,3203268,fhi:git
2021-01-25,27529,387,1.4,27916,3174496,56688,3231184,fhi:git
2021-01-26,21065,276,1.3,21341,3195561,56964,3252525,fhi:git
2021-01-27,20417,344,1.7,20761,3215978,57308,3273286,fhi:git
2021-01-28,20143,285,1.4,20428,3236121,57593,3293714,fhi:git
2021-01-29,17657,295,1.6,17952,3253778,57888,3311666,fhi:git
2021-01-30,7159,175,2.4,7334,3260937,58063,3319000,fhi:git
2021-01-31,6959,182,2.5,7141,3267896,58245,3326141,fhi:git
2021-02-01,22303,319,1.4,22622,3290199,58564,3348763,fhi:git
2021-02-02,17527,294,1.6,17821,3307726,58858,3366584,fhi:git
2021-02-03,17635,325,1.8,17960,3325361,59183,3384544,fhi:git
2021-02-04,17400,253,1.4,17653,3342761,59436,3402197,fhi:git
2021-02-05,15796,288,1.8,16084,3358557,59724,3418281,fhi:git
2021-02-06,7397,198,2.6,7595,3365954,59922,3425876,fhi:git
2021-02-07,6720,167,2.4,6887,3372674,60089,3432763,fhi:git
2021-02-08,22612,301,1.3,22913,3395286,60390,3455676,fhi:git
2021-02-09,20717,270,1.3,20987,3416003,60660,3476663,fhi:git
2021-02-10,19122,310,1.6,19432,3435125,60970,3496095,fhi:git
2021-02-11,17554,262,1.5,17816,3452679,61232,3513911,fhi:git
2021-02-12,17870,247,1.4,18117,3470549,61479,3532028,fhi:git
2021-02-13,8209,184,2.2,8393,3478758,61663,3540421,fhi:git
2021-02-14,6571,160,2.4,6731,3485329,61823,3547152,fhi:git
2021-02-15,21915,332,1.5,22247,3507244,62155,3569399,fhi:git
2021-02-16,19381,305,1.5,19686,3526625,62460,3589085,fhi:git
2021-02-17,19573,320,1.6,19893,3546198,62780,3608978,fhi:git
2021-02-18,18460,301,1.6,18761,3564658,63081,3627739,fhi:git
2021-02-19,17778,338,1.9,18116,3582436,63419,3645855,fhi:git
2021-02-20,8703,215,2.4,8918,3591139,63634,3654773,fhi:git
2021-02-21,7456,221,2.9,7677,3598595,63855,3662450,fhi:git
2021-02-22,20107,410,2.0,20517,3618702,64265,3682967,fhi:git
2021-02-23,16699,445,2.6,17144,3635401,64710,3700111,fhi:git
2021-02-24,17819,461,2.5,18280,3653220,65171,3718391,fhi:git
2021-02-25,18251,527,2.8,18778,3671471,65698,3737169,fhi:git
2021-02-26,19178,493,2.5,19671,3690649,66191,3756840,fhi:git
2021-02-27,10190,381,3.6,10571,3700839,66572,3767411,fhi:git
2021-02-28,10967,391,3.4,11358,3711806,66963,3778769,fhi:git
2021-03-01,26394,551,2.0,26945,3738200,67514,3805714,fhi:git
2021-03-02,23338,637,2.7,23975,3761538,68151,3829689,fhi:git
2021-03-03,23800,659,2.7,24459,3785338,68810,3854148,fhi:git
2021-03-04,24335,601,2.4,24936,3809673,69411,3879084,fhi:git
2021-03-05,25564,703,2.7,26267,3835237,70114,3905351,fhi:git
2021-03-06,15274,465,3.0,15739,3850511,70579,3921090,fhi:git
2021-03-07,14985,572,3.7,15557,3865496,71151,3936647,fhi:git
2021-03-08,35063,845,2.4,35908,3900559,71996,3972555,fhi:git
2021-03-09,30926,799,2.5,31725,3931485,72795,4004280,fhi:git
2021-03-10,30742,854,2.7,31596,3962227,73649,4035876,fhi:git
2021-03-11,29823,782,2.6,30605,3992050,74431,4066481,fhi:git
2021-03-12,28860,950,3.2,29810,4020910,75381,4096291,fhi:git
2021-03-13,16406,736,4.3,17142,4037316,76117,4113433,fhi:git
2021-03-14,15894,698,4.2,16592,4053210,76815,4130025,fhi:git
2021-03-15,34258,1106,3.1,35364,4087468,77921,4165389,fhi:git
2021-03-16,29921,1007,3.3,30928,4117389,78928,4196317,fhi:git
2021-03-17,31721,1059,3.2,32780,4149110,79987,4229097,fhi:git
2021-03-18,30706,1044,3.3,31750,4179816,81031,4260847,fhi:git
2021-03-19,29057,1000,3.3,30057,4208873,82031,4290904,fhi:git
2021-03-20,16522,710,4.1,17232,4225395,82741,4308136,fhi:git
2021-03-21,14944,649,4.2,15593,4240339,83390,4323729,fhi:git
2021-03-22,35840,1107,3.0,36947,4276179,84497,4360676,fhi:git
2021-03-23,31976,966,2.9,32942,4308155,85463,4393618,fhi:git
2021-03-24,33755,1001,2.9,34756,4341910,86464,4428374,fhi:git
2021-03-25,32521,871,2.6,33392,4374431,87335,4461766,fhi:git
2021-03-26,32119,895,2.7,33014,4406550,88230,4494780,fhi:git
2021-03-27,17197,602,3.4,17799,4423747,88832,4512579,fhi:git
2021-03-28,13633,477,3.4,14110,4437380,89309,4526689,fhi:git
2021-03-29,29419,865,2.9,30284,4466799,90174,4556973,fhi:git
2021-03-30,20974,849,3.9,21823,4487773,91023,4578796,fhi:git
2021-03-31,17599,805,4.4,18404,4505372,91828,4597200,fhi:git
2021-04-01,9921,624,5.9,10545,4515293,92452,4607745,fhi:git
2021-04-02,10630,699,6.2,11329,4525923,93151,4619074,fhi:git
2021-04-03,10274,612,5.6,10886,4536197,93763,4629960,fhi:git
2021-04-04,10720,653,5.7,11373,4546917,94416,4641333,fhi:git
2021-04-05,16001,716,4.3,16717,4562918,95132,4658050,fhi:git
2021-04-06,30451,888,2.8,31339,4593369,96020,4689389,fhi:git
2021-04-07,25321,848,3.2,26169,4618690,96868,4715558,fhi:git
2021-04-08,22347,768,3.3,23115,4641037,97636,4738673,fhi:git
2021-04-09,23402,712,3.0,24114,4664439,98348,4762787,fhi:git
2021-04-10,12643,496,3.8,13139,4677082,98844,4775926,fhi:git
2021-04-11,10752,395,3.5,11147,4687834,99239,4787073,fhi:git
2021-04-12,26993,738,2.7,27731,4714827,99977,4814804,fhi:git
2021-04-13,20965,594,2.8,21559,4735792,100571,4836363,fhi:git
2021-04-14,21354,601,2.7,21955,4757146,101172,4858318,fhi:git
2021-04-15,19178,549,2.8,19727,4776324,101721,4878045,fhi:git
2021-04-16,17683,579,3.2,18262,4794007,102300,4896307,fhi:git
2021-04-17,9165,331,3.5,9496,4803172,102631,4905803,fhi:git
2021-04-18,8596,345,3.9,8941,4811768,102976,4914744,fhi:git
2021-04-19,22189,575,2.5,22764,4833957,103551,4937508,fhi:git
2021-04-20,18372,532,2.8,18904,4852329,104083,4956412,fhi:git
2021-04-21,19121,538,2.7,19659,4871450,104621,4976071,fhi:git
2021-04-22,19133,463,2.4,19596,4890583,105084,4995667,fhi:git
2021-04-23,20241,509,2.5,20750,4910824,105593,5016417,fhi:git
2021-04-24,9582,287,2.9,9869,4920406,105880,5026286,fhi:git
2021-04-25,9269,317,3.3,9586,4929675,106197,5035872,fhi:git
2021-04-26,24318,502,2.0,24820,4953993,106699,5060692,fhi:git
2021-04-27,20969,481,2.2,21450,4974962,107180,5082142,fhi:git
2021-04-28,20656,419,2.0,21075,4995618,107599,5103217,fhi:git
2021-04-29,19247,414,2.1,19661,5014865,108013,5122878,fhi:git
2021-04-30,18613,441,2.3,19054,5033478,108454,5141932,fhi:git
2021-05-01,8244,251,3.0,8495,5041722,108705,5150427,fhi:git
2021-05-02,9371,296,3.1,9667,5051093,109001,5160094,fhi:git
2021-05-03,24354,511,2.1,24865,5075447,109512,5184959,fhi:git
2021-05-04,21470,463,2.1,21933,5096917,109975,5206892,fhi:git
2021-05-05,22263,494,2.2,22757,5119180,110469,5229649,fhi:git
2021-05-06,19910,509,2.5,20419,5139090,110978,5250068,fhi:git
2021-05-07,18682,438,2.3,19120,5157772,111416,5269188,fhi:git
2021-05-08,9326,352,3.6,9678,5167098,111768,5278866,fhi:git
2021-05-09,10536,351,3.2,10887,5177634,112119,5289753,fhi:git
2021-05-10,25470,523,2.0,25993,5203104,112642,5315746,fhi:git
2021-05-11,21144,427,2.0,21571,5224248,113069,5337317,fhi:git
2021-05-12,18843,379,2.0,19222,5243091,113448,5356539,fhi:git
2021-05-13,11634,298,2.5,11932,5254725,113746,5368471,fhi:git
2021-05-14,17552,415,2.3,17967,5272277,114161,5386438,fhi:git
2021-05-15,9702,240,2.4,9942,5281979,114401,5396380,fhi:git
2021-05-16,9133,278,3.0,9411,5291112,114679,5405791,fhi:git
2021-05-17,5513,183,3.2,5696,5296625,114862,5411487,fhi:git
2021-05-18,26420,542,2.0,26962,5323045,115404,5438449,fhi:git
2021-05-19,25874,541,2.0,26415,5348919,115945,5464864,fhi:git
2021-05-20,25710,603,2.3,26313,5374629,116548,5491177,fhi:git
2021-05-21,25839,668,2.5,26507,5400468,117216,5517684,fhi:git
2021-05-22,13126,352,2.6,13478,5413594,117568,5531162,fhi:git
2021-05-23,13290,338,2.5,13628,5426884,117906,5544790,fhi:git
2021-05-24,16318,383,2.3,16701,5443202,118289,5561491,fhi:git
2021-05-25,28545,427,1.5,28972,5471747,118716,5590463,fhi:git
2021-05-26,23637,363,1.5,24000,5495384,119079,5614463,fhi:git
2021-05-27,19968,384,1.9,20352,5515352,119463,5634815,fhi:git
2021-05-28,19442,347,1.8,19789,5534794,119810,5654604,fhi:git
2021-05-29,8646,199,2.2,8845,5543440,120009,5663449,fhi:git
2021-05-30,9393,185,1.9,9578,5552833,120194,5673027,fhi:git
2021-05-31,23145,344,1.5,23489,5575978,120538,5696516,fhi:git
2021-06-01,19352,387,2.0,19739,5595330,120925,5716255,fhi:git
2021-06-02,20917,293,1.4,21210,5616247,121218,5737465,fhi:git
2021-06-03,19365,282,1.4,19647,5635612,121500,5757112,fhi:git
2021-06-04,16969,262,1.5,17231,5652581,121762,5774343,fhi:git
2021-06-05,7779,145,1.8,7924,5660360,121907,5782267,fhi:git
2021-06-06,7796,150,1.9,7946,5668156,122057,5790213,fhi:git
2021-06-07,20874,203,1.0,21077,5689030,122260,5811290,fhi:git
2021-06-08,16887,215,1.3,17102,5705917,122475,5828392,fhi:git
2021-06-09,17010,207,1.2,17217,5722927,122682,5845609,fhi:git
2021-06-10,16665,202,1.2,16867,5739592,122884,5862476,fhi:git
2021-06-11,16236,154,0.9,16390,5755828,123038,5878866,fhi:git
2021-06-12,7881,129,1.6,8010,5763709,123167,5886876,fhi:git
2021-06-13,7969,111,1.4,8080,5771678,123278,5894956,fhi:git
2021-06-14,21522,207,1.0,21729,5793200,123485,5916685,fhi:git
2021-06-15,17784,194,1.1,17978,5810984,123679,5934663,fhi:git
2021-06-16,17780,215,1.2,17995,5828764,123894,5952658,fhi:git
2021-06-17,17466,197,1.1,17663,5846230,124091,5970321,fhi:git
2021-06-18,16312,172,1.0,16484,5862542,124263,5986805,fhi:git
2021-06-19,9319,153,1.6,9472,5871861,124416,5996277,fhi:git
2021-06-20,8573,115,1.3,8688,5880434,124531,6004965,fhi:git
2021-06-21,19474,205,1.0,19679,5899908,124736,6024644,fhi:git
2021-06-22,16063,266,1.6,16329,5915971,125002,6040973,fhi:git
2021-06-23,16430,240,1.4,16670,5932401,125242,6057643,fhi:git
2021-06-24,16806,174,1.0,16980,5949207,125416,6074623,fhi:git
2021-06-25,16141,175,1.1,16316,5965348,125591,6090939,fhi:git
2021-06-26,7667,106,1.4,7773,5973015,125697,6098712,fhi:git
2021-06-27,8066,107,1.3,8173,5981081,125804,6106885,fhi:git
2021-06-28,19538,226,1.1,19764,6000619,126030,6126649,fhi:git
2021-06-29,15965,213,1.3,16178,6016584,126243,6142827,fhi:git
2021-06-30,18047,261,1.4,18308,6034631,126504,6161135,fhi:git
2021-07-01,17651,197,1.1,17848,6052282,126701,6178983,fhi:git
2021-07-02,15821,186,1.2,16007,6068103,126887,6194990,fhi:git
2021-07-03,7922,99,1.2,8021,6076025,126986,6203011,fhi:git
2021-07-04,7876,123,1.5,7999,6083901,127109,6211010,fhi:git
2021-07-05,17450,207,1.2,17657,6101351,127316,6228667,fhi:git
2021-07-06,13968,200,1.4,14168,6115319,127516,6242835,fhi:git
2021-07-07,15820,204,1.3,16024,6131139,127720,6258859,fhi:git
2021-07-08,16258,183,1.1,16441,6147397,127903,6275300,fhi:git
2021-07-09,14390,175,1.2,14565,6161787,128078,6289865,fhi:git
2021-07-10,7135,108,1.5,7243,6168922,128186,6297108,fhi:git
2021-07-11,6728,101,1.5,6829,6175650,128287,6303937,fhi:git
2021-07-12,14360,187,1.3,14547,6190010,128474,6318484,fhi:git
2021-07-13,11977,146,1.2,12123,6201987,128620,6330607,fhi:git
2021-07-14,12606,183,1.4,12789,6214593,128803,6343396,fhi:git
2021-07-15,12349,186,1.5,12535,6226942,128989,6355931,fhi:git
2021-07-16,11632,226,1.9,11858,6238574,129215,6367789,fhi:git
2021-07-17,6523,111,1.7,6634,6245097,129326,6374423,fhi:git
2021-07-18,6776,143,2.1,6919,6251873,129469,6381342,fhi:git
2021-07-19,14153,229,1.6,14382,6266026,129698,6395724,fhi:git
2021-07-20,11655,174,1.5,11829,6277681,129872,6407553,fhi:git
2021-07-21,12499,260,2.0,12759,6290180,130132,6420312,fhi:git
2021-07-22,13092,215,1.6,13307,6303272,130347,6433619,fhi:git
2021-07-23,12430,251,2.0,12681,6315702,130598,6446300,fhi:git
2021-07-24,7381,175,2.3,7556,6323083,130773,6453856,fhi:git
2021-07-25,7368,199,2.6,7567,6330451,130972,6461423,fhi:git
2021-07-26,16073,315,1.9,16388,6346524,131287,6477811,fhi:git
2021-07-27,14642,349,2.3,14991,6361166,131636,6492802,fhi:git
2021-07-28,15279,422,2.7,15701,6376445,132058,6508503,fhi:git
2021-07-29,14967,346,2.3,15313,6391412,132404,6523816,fhi:git
2021-07-30,15615,352,2.2,15967,6407027,132756,6539783,fhi:git
2021-07-31,9428,248,2.6,9676,6416455,133004,6549459,fhi:git
2021-08-01,8853,240,2.6,9093,6425308,133244,6558552,fhi:git
2021-08-02,18672,455,2.4,19127,6443980,133699,6577679,fhi:git
2021-08-03,16447,446,2.6,16893,6460427,134145,6594572,fhi:git
2021-08-04,17357,499,2.8,17856,6477784,134644,6612428,fhi:git
2021-08-05,17062,462,2.6,17524,6494846,135106,6629952,fhi:git
2021-08-06,16518,477,2.8,16995,6511364,135583,6646947,fhi:git
2021-08-07,9617,323,3.2,9940,6520981,135906,6656887,fhi:git
2021-08-08,9548,330,3.3,9878,6530529,136236,6666765,fhi:git
2021-08-09,21219,668,3.1,21887,6551748,136904,6688652,fhi:git
2021-08-10,17844,576,3.1,18420,6569592,137480,6707072,fhi:git
2021-08-11,18199,609,3.2,18808,6587791,138089,6725880,fhi:git
2021-08-12,17242,539,3.0,17781,6605033,138628,6743661,fhi:git
2021-08-13,17128,544,3.1,17672,6622161,139172,6761333,fhi:git
2021-08-14,9922,434,4.2,10356,6632083,139606,6771689,fhi:git
2021-08-15,9387,375,3.8,9762,6641470,139981,6781451,fhi:git
2021-08-16,20657,625,2.9,21282,6662127,140606,6802733,fhi:git
2021-08-17,18642,637,3.3,19279,6680769,141243,6822012,fhi:git
2021-08-18,19380,688,3.4,20068,6700149,141931,6842080,fhi:git
2021-08-19,19542,668,3.3,20210,6719691,142599,6862290,fhi:git
2021-08-20,20737,740,3.4,21477,6740428,143339,6883767,fhi:git
2021-08-21,11220,592,5.0,11812,6751648,143931,6895579,fhi:git
2021-08-22,11698,554,4.5,12252,6763346,144485,6907831,fhi:git
2021-08-23,29508,1179,3.8,30687,6792854,145664,6938518,fhi:git
2021-08-24,28714,1335,4.4,30049,6821568,146999,6968567,fhi:git
2021-08-25,29863,1415,4.5,31278,6851431,148414,6999845,fhi:git
2021-08-26,29023,1392,4.6,30415,6880454,149806,7030260,fhi:git
2021-08-27,27292,1431,5.0,28723,6907746,151237,7058983,fhi:git
2021-08-28,15642,999,6.0,16641,6923388,152236,7075624,fhi:git
2021-08-29,15638,955,5.8,16593,6939026,153191,7092217,fhi:git
2021-08-30,39172,1849,4.5,41021,6978198,155040,7133238,fhi:git
2021-08-31,36034,1616,4.3,37650,7014232,156656,7170888,fhi:git
2021-09-01,34480,1610,4.5,36090,7048712,158266,7206978,fhi:git
2021-09-02,33718,1521,4.3,35239,7082430,159787,7242217,fhi:git
2021-09-03,29340,1541,5.0,30881,7111770,161328,7273098,fhi:git
2021-09-04,14887,992,6.2,15879,7126657,162320,7288977,fhi:git
2021-09-05,14861,953,6.0,15814,7141518,163273,7304791,fhi:git
2021-09-06,38185,1781,4.5,39966,7179703,165054,7344757,fhi:git
2021-09-07,32467,1437,4.2,33904,7212170,166491,7378661,fhi:git
2021-09-08,29343,1376,4.5,30719,7241513,167867,7409380,fhi:git
2021-09-09,26001,1324,4.8,27325,7267514,169191,7436705,fhi:git
2021-09-10,22499,1182,5.0,23681,7290013,170373,7460386,fhi:git
2021-09-11,9865,664,6.3,10529,7299878,171037,7470915,fhi:git
2021-09-12,10291,771,7.0,11062,7310169,171808,7481977,fhi:git
2021-09-13,27761,1222,4.2,28983,7337930,173030,7510960,fhi:git
2021-09-14,7783,340,4.2,8123,7345713,173370,7519083,fhi:git
