date,new_neg,new_pos,pr100_pos,new_total,total_neg,total_pos,total,source
2020-04-01,3736,198,5.0,3934,3736,198,3934,fhi:git
2020-04-02,3361,198,5.6,3559,7097,396,7493,fhi:git
2020-04-03,3394,164,4.6,3558,10491,560,11051,fhi:git
2020-04-04,1301,88,6.3,1389,11792,648,12440,fhi:git
2020-04-05,1048,72,6.4,1120,12840,720,13560,fhi:git
2020-04-06,3369,159,4.5,3528,16209,879,17088,fhi:git
2020-04-07,2837,140,4.7,2977,19046,1019,20065,fhi:git
2020-04-08,2162,106,4.7,2268,21208,1125,22333,fhi:git
2020-04-09,1229,103,7.7,1332,22437,1228,23665,fhi:git
2020-04-10,1295,68,5.0,1363,23732,1296,25028,fhi:git
2020-04-11,1314,110,7.7,1424,25046,1406,26452,fhi:git
2020-04-12,1172,76,6.1,1248,26218,1482,27700,fhi:git
2020-04-13,1243,77,5.8,1320,27461,1559,29020,fhi:git
2020-04-14,3243,122,3.6,3365,30704,1681,32385,fhi:git
2020-04-15,3330,103,3.0,3433,34034,1784,35818,fhi:git
2020-04-16,3030,80,2.6,3110,37064,1864,38928,fhi:git
2020-04-17,3023,108,3.4,3131,40087,1972,42059,fhi:git
2020-04-18,1127,49,4.2,1176,41214,2021,43235,fhi:git
2020-04-19,1108,36,3.1,1144,42322,2057,44379,fhi:git
2020-04-20,3691,84,2.2,3775,46013,2141,48154,fhi:git
2020-04-21,3507,78,2.2,3585,49520,2219,51739,fhi:git
2020-04-22,3270,77,2.3,3347,52790,2296,55086,fhi:git
2020-04-23,2902,69,2.3,2971,55692,2365,58057,fhi:git
2020-04-24,3232,53,1.6,3285,58924,2418,61342,fhi:git
2020-04-25,1109,25,2.2,1134,60033,2443,62476,fhi:git
2020-04-26,939,37,3.8,976,60972,2480,63452,fhi:git
2020-04-27,4033,71,1.7,4104,65005,2551,67556,fhi:git
2020-04-28,4065,50,1.2,4115,69070,2601,71671,fhi:git
2020-04-29,3918,39,1.0,3957,72988,2640,75628,fhi:git
2020-04-30,4400,39,0.9,4439,77388,2679,80067,fhi:git
2020-05-01,1467,43,2.8,1510,78855,2722,81577,fhi:git
2020-05-02,1531,23,1.5,1554,80386,2745,83131,fhi:git
2020-05-03,1220,44,3.5,1264,81606,2789,84395,fhi:git
2020-05-04,4687,45,1.0,4732,86293,2834,89127,fhi:git
2020-05-05,4274,44,1.0,4318,90567,2878,93445,fhi:git
2020-05-06,4246,39,0.9,4285,94813,2917,97730,fhi:git
2020-05-07,3722,29,0.8,3751,98535,2946,101481,fhi:git
2020-05-08,3762,42,1.1,3804,102297,2988,105285,fhi:git
2020-05-09,1293,11,0.8,1304,103590,2999,106589,fhi:git
2020-05-10,993,12,1.2,1005,104583,3011,107594,fhi:git
2020-05-11,4380,25,0.6,4405,108963,3036,111999,fhi:git
2020-05-12,4780,19,0.4,4799,113743,3055,116798,fhi:git
2020-05-13,4453,19,0.4,4472,118196,3074,121270,fhi:git
2020-05-14,4183,24,0.6,4207,122379,3098,125477,fhi:git
2020-05-15,4156,23,0.6,4179,126535,3121,129656,fhi:git
2020-05-16,1301,13,1.0,1314,127836,3134,130970,fhi:git
2020-05-17,664,4,0.6,668,128500,3138,131638,fhi:git
2020-05-18,4396,17,0.4,4413,132896,3155,136051,fhi:git
2020-05-19,4644,20,0.4,4664,137540,3175,140715,fhi:git
2020-05-20,3936,19,0.5,3955,141476,3194,144670,fhi:git
2020-05-21,1136,14,1.2,1150,142612,3208,145820,fhi:git
2020-05-22,3322,26,0.8,3348,145934,3234,149168,fhi:git
2020-05-23,1036,6,0.6,1042,146970,3240,150210,fhi:git
2020-05-24,895,6,0.7,901,147865,3246,151111,fhi:git
2020-05-25,4058,18,0.4,4076,151923,3264,155187,fhi:git
2020-05-26,3446,12,0.3,3458,155369,3276,158645,fhi:git
2020-05-27,3272,18,0.5,3290,158641,3294,161935,fhi:git
2020-05-28,2771,16,0.6,2787,161412,3310,164722,fhi:git
2020-05-29,2579,16,0.6,2595,163991,3326,167317,fhi:git
2020-05-30,0,0,0.0,0,163991,3326,167317,fhi:git
2020-05-31,630,6,0.9,636,164621,3332,167953,fhi:git
2020-06-01,739,7,0.9,746,165360,3339,168699,fhi:git
2020-06-02,3819,31,0.8,3850,169179,3370,172549,fhi:git
2020-06-03,3127,12,0.4,3139,172306,3382,175688,fhi:git
2020-06-04,2913,17,0.6,2930,175219,3399,178618,fhi:git
2020-06-05,2905,30,1.0,2935,178124,3429,181553,fhi:git
2020-06-06,944,8,0.8,952,179068,3437,182505,fhi:git
2020-06-07,940,9,0.9,949,180008,3446,183454,fhi:git
2020-06-08,5736,19,0.3,5755,185744,3465,189209,fhi:git
2020-06-09,5649,13,0.2,5662,191393,3478,194871,fhi:git
2020-06-10,4548,14,0.3,4562,195941,3492,199433,fhi:git
2020-06-11,4858,11,0.2,4869,200799,3503,204302,fhi:git
2020-06-12,4622,13,0.3,4635,205421,3516,208937,fhi:git
2020-06-13,1242,7,0.6,1249,206663,3523,210186,fhi:git
2020-06-14,1129,6,0.5,1135,207792,3529,211321,fhi:git
2020-06-15,5837,18,0.3,5855,213629,3547,217176,fhi:git
2020-06-16,5417,36,0.7,5453,219046,3583,222629,fhi:git
2020-06-17,4970,15,0.3,4985,224016,3598,227614,fhi:git
2020-06-18,4552,13,0.3,4565,228568,3611,232179,fhi:git
2020-06-19,3797,18,0.5,3815,232365,3629,235994,fhi:git
2020-06-20,1059,6,0.6,1065,233424,3635,237059,fhi:git
2020-06-21,1030,4,0.4,1034,234454,3639,238093,fhi:git
2020-06-22,5010,28,0.6,5038,239464,3667,243131,fhi:git
2020-06-23,4653,13,0.3,4666,244117,3680,247797,fhi:git
2020-06-24,4615,21,0.5,4636,248732,3701,252433,fhi:git
2020-06-25,4163,17,0.4,4180,252895,3718,256613,fhi:git
2020-06-26,3913,22,0.6,3935,256808,3740,260548,fhi:git
2020-06-27,1106,10,0.9,1116,257914,3750,261664,fhi:git
2020-06-28,992,1,0.1,993,258906,3751,262657,fhi:git
2020-06-29,5922,26,0.4,5948,264828,3777,268605,fhi:git
2020-06-30,5021,11,0.2,5032,269849,3788,273637,fhi:git
2020-07-01,5116,8,0.2,5124,274965,3796,278761,fhi:git
2020-07-02,4740,9,0.2,4749,279705,3805,283510,fhi:git
2020-07-03,4533,10,0.2,4543,284238,3815,288053,fhi:git
2020-07-04,1428,2,0.1,1430,285666,3817,289483,fhi:git
2020-07-05,1198,1,0.1,1199,286864,3818,290682,fhi:git
2020-07-06,6314,14,0.2,6328,293178,3832,297010,fhi:git
2020-07-07,5341,10,0.2,5351,298519,3842,302361,fhi:git
2020-07-08,5296,11,0.2,5307,303815,3853,307668,fhi:git
2020-07-09,4811,8,0.2,4819,308626,3861,312487,fhi:git
2020-07-10,4690,13,0.3,4703,313316,3874,317190,fhi:git
2020-07-11,1393,4,0.3,1397,314709,3878,318587,fhi:git
2020-07-12,1196,5,0.4,1201,315905,3883,319788,fhi:git
2020-07-13,6358,19,0.3,6377,322263,3902,326165,fhi:git
2020-07-14,5260,8,0.2,5268,327523,3910,331433,fhi:git
2020-07-15,5403,6,0.1,5409,332926,3916,336842,fhi:git
2020-07-16,4558,4,0.1,4562,337484,3920,341404,fhi:git
2020-07-17,4135,12,0.3,4147,341619,3932,345551,fhi:git
2020-07-18,1420,1,0.1,1421,343039,3933,346972,fhi:git
2020-07-19,1347,3,0.2,1350,344386,3936,348322,fhi:git
2020-07-20,6003,21,0.3,6024,350389,3957,354346,fhi:git
2020-07-21,4819,6,0.1,4825,355208,3963,359171,fhi:git
2020-07-22,4908,22,0.4,4930,360116,3985,364101,fhi:git
2020-07-23,4479,6,0.1,4485,364595,3991,368586,fhi:git
2020-07-24,4501,24,0.5,4525,369096,4015,373111,fhi:git
2020-07-25,1703,6,0.4,1709,370799,4021,374820,fhi:git
2020-07-26,1464,9,0.6,1473,372263,4030,376293,fhi:git
2020-07-27,6860,24,0.3,6884,379123,4054,383177,fhi:git
2020-07-28,5880,16,0.3,5896,385003,4070,389073,fhi:git
2020-07-29,5860,37,0.6,5897,390863,4107,394970,fhi:git
2020-07-30,5545,23,0.4,5568,396408,4130,400538,fhi:git
2020-07-31,5396,72,1.3,5468,401804,4202,406006,fhi:git
2020-08-01,2100,14,0.7,2114,403904,4216,408120,fhi:git
2020-08-02,1892,13,0.7,1905,405796,4229,410025,fhi:git
2020-08-03,9290,38,0.4,9328,415086,4267,419353,fhi:git
2020-08-04,8406,40,0.5,8446,423492,4307,427799,fhi:git
2020-08-05,8699,66,0.8,8765,432191,4373,436564,fhi:git
2020-08-06,8616,79,0.9,8695,440807,4452,445259,fhi:git
2020-08-07,8367,80,0.9,8447,449174,4532,453706,fhi:git
2020-08-08,3266,35,1.1,3301,452440,4567,457007,fhi:git
2020-08-09,3140,34,1.1,3174,455580,4601,460181,fhi:git
2020-08-10,13445,63,0.5,13508,469025,4664,473689,fhi:git
2020-08-11,12934,43,0.3,12977,481959,4707,486666,fhi:git
2020-08-12,13386,63,0.5,13449,495345,4770,500115,fhi:git
2020-08-13,13223,54,0.4,13277,508568,4824,513392,fhi:git
2020-08-14,13713,76,0.6,13789,522281,4900,527181,fhi:git
2020-08-15,5995,44,0.7,6039,528276,4944,533220,fhi:git
2020-08-16,5274,27,0.5,5301,533550,4971,538521,fhi:git
2020-08-17,18207,74,0.4,18281,551757,5045,556802,fhi:git
2020-08-18,16937,58,0.3,16995,568694,5103,573797,fhi:git
2020-08-19,16480,60,0.4,16540,585174,5163,590337,fhi:git
2020-08-20,15623,51,0.3,15674,600797,5214,606011,fhi:git
2020-08-21,15223,53,0.3,15276,616020,5267,621287,fhi:git
2020-08-22,6773,45,0.7,6818,622793,5312,628105,fhi:git
2020-08-23,6948,19,0.3,6967,629741,5331,635072,fhi:git
2020-08-24,21132,67,0.3,21199,650873,5398,656271,fhi:git
2020-08-25,19356,42,0.2,19398,670229,5440,675669,fhi:git
2020-08-26,18827,40,0.2,18867,689056,5480,694536,fhi:git
2020-08-27,17296,52,0.3,17348,706352,5532,711884,fhi:git
2020-08-28,16420,84,0.5,16504,722772,5616,728388,fhi:git
2020-08-29,6357,42,0.7,6399,729129,5658,734787,fhi:git
2020-08-30,6748,50,0.7,6798,735877,5708,741585,fhi:git
2020-08-31,22596,148,0.7,22744,758473,5856,764329,fhi:git
2020-09-01,20336,115,0.6,20451,778809,5971,784780,fhi:git
2020-09-02,19101,101,0.5,19202,797910,6072,803982,fhi:git
2020-09-03,17624,125,0.7,17749,815534,6197,821731,fhi:git
2020-09-04,15489,119,0.8,15608,831023,6316,837339,fhi:git
2020-09-05,5949,73,1.2,6022,836972,6389,843361,fhi:git
2020-09-06,6372,60,0.9,6432,843344,6449,849793,fhi:git
2020-09-07,20908,132,0.6,21040,864252,6581,870833,fhi:git
2020-09-08,18772,113,0.6,18885,883024,6694,889718,fhi:git
2020-09-09,17834,124,0.7,17958,900858,6818,907676,fhi:git
2020-09-10,15571,132,0.8,15703,916429,6950,923379,fhi:git
2020-09-11,14875,119,0.8,14994,931304,7069,938373,fhi:git
2020-09-12,7049,67,0.9,7116,938353,7136,945489,fhi:git
2020-09-13,6697,78,1.2,6775,945050,7214,952264,fhi:git
2020-09-14,21444,104,0.5,21548,966494,7318,973812,fhi:git
2020-09-15,18887,133,0.7,19020,985381,7451,992832,fhi:git
2020-09-16,17569,137,0.8,17706,1002950,7588,1010538,fhi:git
2020-09-17,15176,117,0.8,15293,1018126,7705,1025831,fhi:git
2020-09-18,14062,94,0.7,14156,1032188,7799,1039987,fhi:git
2020-09-19,5788,58,1.0,5846,1037976,7857,1045833,fhi:git
2020-09-20,5746,77,1.3,5823,1043722,7934,1051656,fhi:git
2020-09-21,20661,163,0.8,20824,1064383,8097,1072480,fhi:git
2020-09-22,16713,101,0.6,16814,1081096,8198,1089294,fhi:git
2020-09-23,16242,143,0.9,16385,1097338,8341,1105679,fhi:git
2020-09-24,14367,133,0.9,14500,1111705,8474,1120179,fhi:git
2020-09-25,13780,130,0.9,13910,1125485,8604,1134089,fhi:git
2020-09-26,5981,63,1.0,6044,1131466,8667,1140133,fhi:git
2020-09-27,5935,54,0.9,5989,1137401,8721,1146122,fhi:git
2020-09-28,19133,124,0.6,19257,1156534,8845,1165379,fhi:git
2020-09-29,15429,110,0.7,15539,1171963,8955,1180918,fhi:git
2020-09-30,14880,120,0.8,15000,1186843,9075,1195918,fhi:git
2020-10-01,12824,131,1.0,12955,1199667,9206,1208873,fhi:git
2020-10-02,13067,134,1.0,13201,1212734,9340,1222074,fhi:git
2020-10-03,5723,110,1.9,5833,1218457,9450,1227907,fhi:git
2020-10-04,5951,89,1.5,6040,1224408,9539,1233947,fhi:git
2020-10-05,19147,209,1.1,19356,1243555,9748,1253303,fhi:git
2020-10-06,14819,198,1.3,15017,1258374,9946,1268320,fhi:git
2020-10-07,14171,199,1.4,14370,1272545,10145,1282690,fhi:git
2020-10-08,12967,168,1.3,13135,1285512,10313,1295825,fhi:git
2020-10-09,12682,141,1.1,12823,1298194,10454,1308648,fhi:git
2020-10-10,5864,65,1.1,5929,1304058,10519,1314577,fhi:git
2020-10-11,6411,78,1.2,6489,1310469,10597,1321066,fhi:git
2020-10-12,19760,167,0.8,19927,1330229,10764,1340993,fhi:git
2020-10-13,15681,155,1.0,15836,1345910,10919,1356829,fhi:git
2020-10-14,15179,162,1.1,15341,1361089,11081,1372170,fhi:git
2020-10-15,13713,141,1.0,13854,1374802,11222,1386024,fhi:git
2020-10-16,13008,137,1.0,13145,1387810,11359,1399169,fhi:git
2020-10-17,5885,88,1.5,5973,1393695,11447,1405142,fhi:git
2020-10-18,6348,93,1.4,6441,1400043,11540,1411583,fhi:git
2020-10-19,20536,219,1.1,20755,1420579,11759,1432338,fhi:git
2020-10-20,16895,183,1.1,17078,1437474,11942,1449416,fhi:git
2020-10-21,16046,221,1.4,16267,1453520,12163,1465683,fhi:git
2020-10-22,15380,285,1.8,15665,1468900,12448,1481348,fhi:git
2020-10-23,15122,368,2.4,15490,1484022,12816,1496838,fhi:git
2020-10-24,7300,231,3.1,7531,1491322,13047,1504369,fhi:git
2020-10-25,7636,202,2.6,7838,1498958,13249,1512207,fhi:git
2020-10-26,23166,487,2.1,23653,1522124,13736,1535860,fhi:git
2020-10-27,20683,391,1.9,21074,1542807,14127,1556934,fhi:git
2020-10-28,20850,515,2.4,21365,1563657,14642,1578299,fhi:git
2020-10-29,20664,431,2.0,21095,1584321,15073,1599394,fhi:git
2020-10-30,20073,617,3.0,20690,1604394,15690,1620084,fhi:git
2020-10-31,9258,385,4.0,9643,1613652,16075,1629727,fhi:git
2020-11-01,9428,323,3.3,9751,1623080,16398,1639478,fhi:git
2020-11-02,27396,647,2.3,28043,1650476,17045,1667521,fhi:git
2020-11-03,26651,683,2.5,27334,1677127,17728,1694855,fhi:git
2020-11-04,25188,690,2.7,25878,1702315,18418,1720733,fhi:git
2020-11-05,27292,602,2.2,27894,1729607,19020,1748627,fhi:git
2020-11-06,26732,650,2.4,27382,1756339,19670,1776009,fhi:git
2020-11-07,12178,388,3.1,12566,1768517,20058,1788575,fhi:git
2020-11-08,11366,385,3.3,11751,1779883,20443,1800326,fhi:git
2020-11-09,30461,707,2.3,31168,1810344,21150,1831494,fhi:git
2020-11-10,25130,603,2.3,25733,1835474,21753,1857227,fhi:git
2020-11-11,23201,662,2.8,23863,1858675,22415,1881090,fhi:git
2020-11-12,23054,637,2.7,23691,1881729,23052,1904781,fhi:git
2020-11-13,21475,697,3.1,22172,1903204,23749,1926953,fhi:git
2020-11-14,9537,379,3.8,9916,1912741,24128,1936869,fhi:git
2020-11-15,10556,405,3.7,10961,1923297,24533,1947830,fhi:git
2020-11-16,27828,722,2.5,28550,1951125,25255,1976380,fhi:git
2020-11-17,21198,635,2.9,21833,1972323,25890,1998213,fhi:git
2020-11-18,20974,652,3.0,21626,1993297,26542,2019839,fhi:git
2020-11-19,18825,564,2.9,19389,2012122,27106,2039228,fhi:git
2020-11-20,17626,519,2.9,18145,2029748,27625,2057373,fhi:git
2020-11-21,8011,288,3.5,8299,2037759,27913,2065672,fhi:git
2020-11-22,8087,279,3.3,8366,2045846,28192,2074038,fhi:git
2020-11-23,25193,610,2.4,25803,2071039,28802,2099841,fhi:git
2020-11-24,19120,415,2.1,19535,2090159,29217,2119376,fhi:git
2020-11-25,18929,513,2.6,19442,2109088,29730,2138818,fhi:git
2020-11-26,18134,477,2.6,18611,2127222,30207,2157429,fhi:git
2020-11-27,15500,447,2.8,15947,2142722,30654,2173376,fhi:git
2020-11-28,6784,236,3.4,7020,2149506,30890,2180396,fhi:git
2020-11-29,6884,228,3.2,7112,2156390,31118,2187508,fhi:git
2020-11-30,22584,448,1.9,23032,2178974,31566,2210540,fhi:git
2020-12-01,18021,362,2.0,18383,2196995,31928,2228923,fhi:git
2020-12-02,17251,420,2.4,17671,2214246,32348,2246594,fhi:git
2020-12-03,17186,400,2.3,17586,2231432,32748,2264180,fhi:git
2020-12-04,15321,382,2.4,15703,2246753,33130,2279883,fhi:git
2020-12-05,6557,252,3.7,6809,2253310,33382,2286692,fhi:git
2020-12-06,7102,262,3.6,7364,2260412,33644,2294056,fhi:git
2020-12-07,23210,500,2.1,23710,2283622,34144,2317766,fhi:git
2020-12-08,18658,392,2.1,19050,2302280,34536,2336816,fhi:git
2020-12-09,18475,453,2.4,18928,2320755,34989,2355744,fhi:git
2020-12-10,18893,435,2.3,19328,2339648,35424,2375072,fhi:git
2020-12-11,17416,403,2.3,17819,2357064,35827,2392891,fhi:git
2020-12-12,8723,256,2.9,8979,2365787,36083,2401870,fhi:git
2020-12-13,8856,285,3.1,9141,2374643,36368,2411011,fhi:git
2020-12-14,25583,544,2.1,26127,2400226,36912,2437138,fhi:git
2020-12-15,22177,440,1.9,22617,2422403,37352,2459755,fhi:git
2020-12-16,22686,450,1.9,23136,2445089,37802,2482891,fhi:git
2020-12-17,23535,431,1.8,23966,2468624,38233,2506857,fhi:git
2020-12-18,23802,475,2.0,24277,2492426,38708,2531134,fhi:git
2020-12-19,13004,309,2.3,13313,2505430,39017,2544447,fhi:git
2020-12-20,12423,299,2.4,12722,2517853,39316,2557169,fhi:git
2020-12-21,31224,621,2.0,31845,2549077,39937,2589014,fhi:git
2020-12-22,25994,560,2.1,26554,2575071,40497,2615568,fhi:git
2020-12-23,17762,587,3.2,18349,2592833,41084,2633917,fhi:git
2020-12-24,5797,292,4.8,6089,2598630,41376,2640006,fhi:git
2020-12-25,6305,293,4.4,6598,2604935,41669,2646604,fhi:git
2020-12-26,10472,466,4.3,10938,2615407,42135,2657542,fhi:git
2020-12-27,9891,425,4.1,10316,2625298,42560,2667858,fhi:git
2020-12-28,21000,778,3.6,21778,2646298,43338,2689636,fhi:git
2020-12-29,18633,699,3.6,19332,2664931,44037,2708968,fhi:git
2020-12-30,18463,639,3.3,19102,2683394,44676,2728070,fhi:git
2020-12-31,8632,434,4.8,9066,2692026,45110,2737136,fhi:git
2021-01-01,6922,346,4.8,7268,2698948,45456,2744404,fhi:git
2021-01-02,14825,526,3.4,15351,2713773,45982,2759755,fhi:git
2021-01-03,14863,447,2.9,15310,2728636,46429,2775065,fhi:git
2021-01-04,37015,938,2.5,37953,2765651,47367,2813018,fhi:git
2021-01-05,30901,795,2.5,31696,2796552,48162,2844714,fhi:git
2021-01-06,29110,710,2.4,29820,2825662,48872,2874534,fhi:git
2021-01-07,28478,739,2.5,29217,2854140,49611,2903751,fhi:git
2021-01-08,26988,651,2.4,27639,2881128,50262,2931390,fhi:git
2021-01-09,14980,414,2.7,15394,2896108,50676,2946784,fhi:git
2021-01-10,14242,435,3.0,14677,2910350,51111,2961461,fhi:git
2021-01-11,31977,639,2.0,32616,2942327,51750,2994077,fhi:git
2021-01-12,22964,563,2.4,23527,2965291,52313,3017604,fhi:git
2021-01-13,21799,462,2.1,22261,2987090,52775,3039865,fhi:git
2021-01-14,19752,454,2.2,20206,3006842,53229,3060071,fhi:git
2021-01-15,18201,398,2.1,18599,3025043,53627,3078670,fhi:git
2021-01-16,8402,267,3.1,8669,3033445,53894,3087339,fhi:git
2021-01-17,8424,226,2.6,8650,3041869,54120,3095989,fhi:git
2021-01-18,22875,446,1.9,23321,3064744,54566,3119310,fhi:git
2021-01-19,17512,342,1.9,17854,3082256,54908,3137164,fhi:git
2021-01-20,17211,355,2.0,17566,3099467,55263,3154730,fhi:git
2021-01-21,14904,347,2.3,15251,3114371,55610,3169981,fhi:git
2021-01-22,14746,331,2.2,15077,3129117,55941,3185058,fhi:git
2021-01-23,8278,212,2.5,8490,3137395,56153,3193548,fhi:git
2021-01-24,9391,189,2.0,9580,3146786,56342,3203128,fhi:git
2021-01-25,27557,387,1.4,27944,3174343,56729,3231072,fhi:git
2021-01-26,21071,276,1.3,21347,3195414,57005,3252419,fhi:git
2021-01-27,20405,344,1.7,20749,3215819,57349,3273168,fhi:git
2021-01-28,20153,285,1.4,20438,3235972,57634,3293606,fhi:git
2021-01-29,17653,295,1.6,17948,3253625,57929,3311554,fhi:git
2021-01-30,7140,175,2.4,7315,3260765,58104,3318869,fhi:git
2021-01-31,6954,183,2.6,7137,3267719,58287,3326006,fhi:git
2021-02-01,22310,319,1.4,22629,3290029,58606,3348635,fhi:git
2021-02-02,17522,294,1.7,17816,3307551,58900,3366451,fhi:git
2021-02-03,17634,325,1.8,17959,3325185,59225,3384410,fhi:git
2021-02-04,17378,253,1.4,17631,3342563,59478,3402041,fhi:git
2021-02-05,15785,288,1.8,16073,3358348,59766,3418114,fhi:git
2021-02-06,7395,198,2.6,7593,3365743,59964,3425707,fhi:git
2021-02-07,6711,167,2.4,6878,3372454,60131,3432585,fhi:git
2021-02-08,22618,301,1.3,22919,3395072,60432,3455504,fhi:git
2021-02-09,20705,270,1.3,20975,3415777,60702,3476479,fhi:git
2021-02-10,19113,310,1.6,19423,3434890,61012,3495902,fhi:git
2021-02-11,17544,262,1.5,17806,3452434,61274,3513708,fhi:git
2021-02-12,17852,247,1.4,18099,3470286,61521,3531807,fhi:git
2021-02-13,8183,185,2.2,8368,3478469,61706,3540175,fhi:git
2021-02-14,6575,160,2.4,6735,3485044,61866,3546910,fhi:git
2021-02-15,21931,332,1.5,22263,3506975,62198,3569173,fhi:git
2021-02-16,19375,305,1.5,19680,3526350,62503,3588853,fhi:git
2021-02-17,19560,320,1.6,19880,3545910,62823,3608733,fhi:git
2021-02-18,18451,302,1.6,18753,3564361,63125,3627486,fhi:git
2021-02-19,17776,338,1.9,18114,3582137,63463,3645600,fhi:git
2021-02-20,8697,216,2.4,8913,3590834,63679,3654513,fhi:git
2021-02-21,7445,221,2.9,7666,3598279,63900,3662179,fhi:git
2021-02-22,20128,411,2.0,20539,3618407,64311,3682718,fhi:git
2021-02-23,16656,445,2.6,17101,3635063,64756,3699819,fhi:git
2021-02-24,17785,461,2.5,18246,3652848,65217,3718065,fhi:git
2021-02-25,18209,527,2.8,18736,3671057,65744,3736801,fhi:git
2021-02-26,19113,493,2.5,19606,3690170,66237,3756407,fhi:git
2021-02-27,10165,381,3.6,10546,3700335,66618,3766953,fhi:git
2021-02-28,10929,392,3.5,11321,3711264,67010,3778274,fhi:git
2021-03-01,26385,552,2.0,26937,3737649,67562,3805211,fhi:git
2021-03-02,23333,639,2.7,23972,3760982,68201,3829183,fhi:git
2021-03-03,23777,658,2.7,24435,3784759,68859,3853618,fhi:git
2021-03-04,24277,601,2.4,24878,3809036,69460,3878496,fhi:git
2021-03-05,25510,703,2.7,26213,3834546,70163,3904709,fhi:git
2021-03-06,15199,465,3.0,15664,3849745,70628,3920373,fhi:git
2021-03-07,14943,572,3.7,15515,3864688,71200,3935888,fhi:git
2021-03-08,35084,846,2.4,35930,3899772,72046,3971818,fhi:git
2021-03-09,30870,798,2.5,31668,3930642,72844,4003486,fhi:git
2021-03-10,30685,856,2.7,31541,3961327,73700,4035027,fhi:git
2021-03-11,29775,780,2.6,30555,3991102,74480,4065582,fhi:git
2021-03-12,28855,950,3.2,29805,4019957,75430,4095387,fhi:git
2021-03-13,16353,737,4.3,17090,4036310,76167,4112477,fhi:git
2021-03-14,15846,698,4.2,16544,4052156,76865,4129021,fhi:git
2021-03-15,34308,1107,3.1,35415,4086464,77972,4164436,fhi:git
2021-03-16,29883,1007,3.3,30890,4116347,78979,4195326,fhi:git
2021-03-17,31733,1058,3.2,32791,4148080,80037,4228117,fhi:git
2021-03-18,30682,1044,3.3,31726,4178762,81081,4259843,fhi:git
2021-03-19,29090,1001,3.3,30091,4207852,82082,4289934,fhi:git
2021-03-20,16539,709,4.1,17248,4224391,82791,4307182,fhi:git
2021-03-21,14951,649,4.2,15600,4239342,83440,4322782,fhi:git
2021-03-22,35962,1107,3.0,37069,4275304,84547,4359851,fhi:git
2021-03-23,31964,967,2.9,32931,4307268,85514,4392782,fhi:git
2021-03-24,33772,1001,2.9,34773,4341040,86515,4427555,fhi:git
2021-03-25,32519,871,2.6,33390,4373559,87386,4460945,fhi:git
2021-03-26,32138,895,2.7,33033,4405697,88281,4493978,fhi:git
2021-03-27,17196,602,3.4,17798,4422893,88883,4511776,fhi:git
2021-03-28,13639,477,3.4,14116,4436532,89360,4525892,fhi:git
2021-03-29,29532,865,2.8,30397,4466064,90225,4556289,fhi:git
2021-03-30,20996,849,3.9,21845,4487060,91074,4578134,fhi:git
2021-03-31,17607,806,4.4,18413,4504667,91880,4596547,fhi:git
2021-04-01,9903,624,5.9,10527,4514570,92504,4607074,fhi:git
2021-04-02,10676,700,6.2,11376,4525246,93204,4618450,fhi:git
2021-04-03,10249,612,5.6,10861,4535495,93816,4629311,fhi:git
2021-04-04,10737,653,5.7,11390,4546232,94469,4640701,fhi:git
2021-04-05,16024,715,4.3,16739,4562256,95184,4657440,fhi:git
2021-04-06,30451,888,2.8,31339,4592707,96072,4688779,fhi:git
2021-04-07,25321,848,3.2,26169,4618028,96920,4714948,fhi:git
2021-04-08,22336,770,3.3,23106,4640364,97690,4738054,fhi:git
2021-04-09,23393,712,3.0,24105,4663757,98402,4762159,fhi:git
2021-04-10,12613,496,3.8,13109,4676370,98898,4775268,fhi:git
2021-04-11,10768,396,3.5,11164,4687138,99294,4786432,fhi:git
2021-04-12,27002,738,2.7,27740,4714140,100032,4814172,fhi:git
2021-04-13,20973,595,2.8,21568,4735113,100627,4835740,fhi:git
2021-04-14,21361,601,2.7,21962,4756474,101228,4857702,fhi:git
2021-04-15,19167,549,2.8,19716,4775641,101777,4877418,fhi:git
2021-04-16,17743,579,3.2,18322,4793384,102356,4895740,fhi:git
2021-04-17,9185,331,3.5,9516,4802569,102687,4905256,fhi:git
2021-04-18,8628,346,3.9,8974,4811197,103033,4914230,fhi:git
2021-04-19,22265,575,2.5,22840,4833462,103608,4937070,fhi:git
2021-04-20,18374,532,2.8,18906,4851836,104140,4955976,fhi:git
2021-04-21,19098,538,2.7,19636,4870934,104678,4975612,fhi:git
2021-04-22,19100,463,2.4,19563,4890034,105141,4995175,fhi:git
2021-04-23,20257,510,2.5,20767,4910291,105651,5015942,fhi:git
2021-04-24,9584,287,2.9,9871,4919875,105938,5025813,fhi:git
2021-04-25,9278,317,3.3,9595,4929153,106255,5035408,fhi:git
2021-04-26,24360,502,2.0,24862,4953513,106757,5060270,fhi:git
2021-04-27,20978,481,2.2,21459,4974491,107238,5081729,fhi:git
2021-04-28,20633,419,2.0,21052,4995124,107657,5102781,fhi:git
2021-04-29,19250,414,2.1,19664,5014374,108071,5122445,fhi:git
2021-04-30,18590,441,2.3,19031,5032964,108512,5141476,fhi:git
2021-05-01,8244,251,3.0,8495,5041208,108763,5149971,fhi:git
2021-05-02,9345,296,3.1,9641,5050553,109059,5159612,fhi:git
2021-05-03,24362,511,2.1,24873,5074915,109570,5184485,fhi:git
2021-05-04,21416,463,2.1,21879,5096331,110033,5206364,fhi:git
2021-05-05,22209,495,2.2,22704,5118540,110528,5229068,fhi:git
2021-05-06,19917,509,2.5,20426,5138457,111037,5249494,fhi:git
2021-05-07,18696,438,2.3,19134,5157153,111475,5268628,fhi:git
2021-05-08,9370,352,3.6,9722,5166523,111827,5278350,fhi:git
2021-05-09,10551,352,3.2,10903,5177074,112179,5289253,fhi:git
2021-05-10,25510,524,2.0,26034,5202584,112703,5315287,fhi:git
2021-05-11,21172,427,2.0,21599,5223756,113130,5336886,fhi:git
2021-05-12,18835,380,2.0,19215,5242591,113510,5356101,fhi:git
2021-05-13,11603,298,2.5,11901,5254194,113808,5368002,fhi:git
2021-05-14,17578,415,2.3,17993,5271772,114223,5385995,fhi:git
2021-05-15,9706,240,2.4,9946,5281478,114463,5395941,fhi:git
2021-05-16,9148,280,3.0,9428,5290626,114743,5405369,fhi:git
2021-05-17,5507,183,3.2,5690,5296133,114926,5411059,fhi:git
2021-05-18,26420,542,2.0,26962,5322553,115468,5438021,fhi:git
2021-05-19,25848,541,2.1,26389,5348401,116009,5464410,fhi:git
2021-05-20,25641,603,2.3,26244,5374042,116612,5490654,fhi:git
2021-05-21,25841,668,2.5,26509,5399883,117280,5517163,fhi:git
2021-05-22,13100,352,2.6,13452,5412983,117632,5530615,fhi:git
2021-05-23,13320,338,2.5,13658,5426303,117970,5544273,fhi:git
2021-05-24,16362,383,2.3,16745,5442665,118353,5561018,fhi:git
2021-05-25,28618,428,1.5,29046,5471283,118781,5590064,fhi:git
2021-05-26,23696,363,1.5,24059,5494979,119144,5614123,fhi:git
2021-05-27,20056,384,1.9,20440,5515035,119528,5634563,fhi:git
2021-05-28,19466,347,1.8,19813,5534501,119875,5654376,fhi:git
2021-05-29,8644,199,2.3,8843,5543145,120074,5663219,fhi:git
2021-05-30,9379,185,1.9,9564,5552524,120259,5672783,fhi:git
2021-05-31,23173,344,1.5,23517,5575697,120603,5696300,fhi:git
2021-06-01,19320,387,2.0,19707,5595017,120990,5716007,fhi:git
2021-06-02,20828,293,1.4,21121,5615845,121283,5737128,fhi:git
2021-06-03,19381,282,1.4,19663,5635226,121565,5756791,fhi:git
2021-06-04,17018,262,1.5,17280,5652244,121827,5774071,fhi:git
2021-06-05,7801,145,1.8,7946,5660045,121972,5782017,fhi:git
2021-06-06,7816,151,1.9,7967,5667861,122123,5789984,fhi:git
2021-06-07,20904,203,1.0,21107,5688765,122326,5811091,fhi:git
2021-06-08,16910,213,1.2,17123,5705675,122539,5828214,fhi:git
2021-06-09,17034,207,1.2,17241,5722709,122746,5845455,fhi:git
2021-06-10,16662,202,1.2,16864,5739371,122948,5862319,fhi:git
2021-06-11,16206,155,0.9,16361,5755577,123103,5878680,fhi:git
2021-06-12,7876,129,1.6,8005,5763453,123232,5886685,fhi:git
2021-06-13,7975,111,1.4,8086,5771428,123343,5894771,fhi:git
2021-06-14,21516,208,1.0,21724,5792944,123551,5916495,fhi:git
2021-06-15,17788,195,1.1,17983,5810732,123746,5934478,fhi:git
2021-06-16,17803,215,1.2,18018,5828535,123961,5952496,fhi:git
2021-06-17,17483,197,1.1,17680,5846018,124158,5970176,fhi:git
2021-06-18,16299,171,1.0,16470,5862317,124329,5986646,fhi:git
2021-06-19,9322,153,1.6,9475,5871639,124482,5996121,fhi:git
2021-06-20,8572,115,1.3,8687,5880211,124597,6004808,fhi:git
2021-06-21,19499,205,1.0,19704,5899710,124802,6024512,fhi:git
2021-06-22,16074,266,1.6,16340,5915784,125068,6040852,fhi:git
2021-06-23,16438,239,1.4,16677,5932222,125307,6057529,fhi:git
2021-06-24,16802,174,1.0,16976,5949024,125481,6074505,fhi:git
2021-06-25,16133,175,1.1,16308,5965157,125656,6090813,fhi:git
2021-06-26,7670,106,1.4,7776,5972827,125762,6098589,fhi:git
2021-06-27,8076,106,1.3,8182,5980903,125868,6106771,fhi:git
2021-06-28,19564,226,1.1,19790,6000467,126094,6126561,fhi:git
2021-06-29,15967,213,1.3,16180,6016434,126307,6142741,fhi:git
2021-06-30,18050,261,1.4,18311,6034484,126568,6161052,fhi:git
2021-07-01,17643,197,1.1,17840,6052127,126765,6178892,fhi:git
2021-07-02,15812,186,1.2,15998,6067939,126951,6194890,fhi:git
2021-07-03,7923,99,1.2,8022,6075862,127050,6202912,fhi:git
2021-07-04,7886,123,1.5,8009,6083748,127173,6210921,fhi:git
2021-07-05,17465,207,1.2,17672,6101213,127380,6228593,fhi:git
2021-07-06,13951,200,1.4,14151,6115164,127580,6242744,fhi:git
2021-07-07,15820,204,1.3,16024,6130984,127784,6258768,fhi:git
2021-07-08,16272,183,1.1,16455,6147256,127967,6275223,fhi:git
2021-07-09,14397,175,1.2,14572,6161653,128142,6289795,fhi:git
2021-07-10,7149,108,1.5,7257,6168802,128250,6297052,fhi:git
2021-07-11,6730,101,1.5,6831,6175532,128351,6303883,fhi:git
2021-07-12,14372,187,1.3,14559,6189904,128538,6318442,fhi:git
2021-07-13,11979,146,1.2,12125,6201883,128684,6330567,fhi:git
2021-07-14,12604,183,1.4,12787,6214487,128867,6343354,fhi:git
2021-07-15,12354,187,1.5,12541,6226841,129054,6355895,fhi:git
2021-07-16,11630,226,1.9,11856,6238471,129280,6367751,fhi:git
2021-07-17,6509,111,1.7,6620,6244980,129391,6374371,fhi:git
2021-07-18,6774,144,2.1,6918,6251754,129535,6381289,fhi:git
2021-07-19,14163,229,1.6,14392,6265917,129764,6395681,fhi:git
2021-07-20,11630,173,1.5,11803,6277547,129937,6407484,fhi:git
2021-07-21,12473,261,2.0,12734,6290020,130198,6420218,fhi:git
2021-07-22,13061,215,1.6,13276,6303081,130413,6433494,fhi:git
2021-07-23,12410,251,2.0,12661,6315491,130664,6446155,fhi:git
2021-07-24,7363,175,2.3,7538,6322854,130839,6453693,fhi:git
2021-07-25,7360,199,2.6,7559,6330214,131038,6461252,fhi:git
2021-07-26,16071,315,1.9,16386,6346285,131353,6477638,fhi:git
2021-07-27,14643,349,2.3,14992,6360928,131702,6492630,fhi:git
2021-07-28,15271,422,2.7,15693,6376199,132124,6508323,fhi:git
2021-07-29,14939,346,2.3,15285,6391138,132470,6523608,fhi:git
2021-07-30,15588,354,2.2,15942,6406726,132824,6539550,fhi:git
2021-07-31,9428,250,2.6,9678,6416154,133074,6549228,fhi:git
2021-08-01,8840,244,2.7,9084,6424994,133318,6558312,fhi:git
2021-08-02,18713,455,2.4,19168,6443707,133773,6577480,fhi:git
2021-08-03,16429,446,2.6,16875,6460136,134219,6594355,fhi:git
2021-08-04,17296,502,2.8,17798,6477432,134721,6612153,fhi:git
2021-08-05,17029,463,2.6,17492,6494461,135184,6629645,fhi:git
2021-08-06,16493,478,2.8,16971,6510954,135662,6646616,fhi:git
2021-08-07,9614,322,3.2,9936,6520568,135984,6656552,fhi:git
2021-08-08,9539,331,3.4,9870,6530107,136315,6666422,fhi:git
2021-08-09,21229,669,3.1,21898,6551336,136984,6688320,fhi:git
2021-08-10,17823,576,3.1,18399,6569159,137560,6706719,fhi:git
2021-08-11,18162,610,3.2,18772,6587321,138170,6725491,fhi:git
2021-08-12,17235,539,3.0,17774,6604556,138709,6743265,fhi:git
2021-08-13,17115,546,3.1,17661,6621671,139255,6760926,fhi:git
2021-08-14,9929,434,4.2,10363,6631600,139689,6771289,fhi:git
2021-08-15,9413,376,3.8,9789,6641013,140065,6781078,fhi:git
2021-08-16,20680,625,2.9,21305,6661693,140690,6802383,fhi:git
2021-08-17,18621,637,3.3,19258,6680314,141327,6821641,fhi:git
2021-08-18,19365,689,3.4,20054,6699679,142016,6841695,fhi:git
2021-08-19,19558,669,3.3,20227,6719237,142685,6861922,fhi:git
2021-08-20,20647,741,3.5,21388,6739884,143426,6883310,fhi:git
2021-08-21,11123,592,5.1,11715,6751007,144018,6895025,fhi:git
2021-08-22,11642,554,4.5,12196,6762649,144572,6907221,fhi:git
2021-08-23,29610,1179,3.8,30789,6792259,145751,6938010,fhi:git
2021-08-24,28781,1336,4.4,30117,6821040,147087,6968127,fhi:git
2021-08-25,29936,1414,4.5,31350,6850976,148501,6999477,fhi:git
2021-08-26,29116,1394,4.6,30510,6880092,149895,7029987,fhi:git
2021-08-27,27276,1435,5.0,28711,6907368,151330,7058698,fhi:git
2021-08-28,15571,1000,6.0,16571,6922939,152330,7075269,fhi:git
2021-08-29,15636,956,5.8,16592,6938575,153286,7091861,fhi:git
2021-08-30,39393,1856,4.5,41249,6977968,155142,7133110,fhi:git
2021-08-31,36077,1624,4.3,37701,7014045,156766,7170811,fhi:git
2021-09-01,34392,1613,4.5,36005,7048437,158379,7206816,fhi:git
2021-09-02,33766,1523,4.3,35289,7082203,159902,7242105,fhi:git
2021-09-03,29372,1545,5.0,30917,7111575,161447,7273022,fhi:git
2021-09-04,14892,992,6.2,15884,7126467,162439,7288906,fhi:git
2021-09-05,14866,954,6.0,15820,7141333,163393,7304726,fhi:git
2021-09-06,38295,1784,4.5,40079,7179628,165177,7344805,fhi:git
2021-09-07,32679,1438,4.2,34117,7212307,166615,7378922,fhi:git
2021-09-08,29476,1382,4.5,30858,7241783,167997,7409780,fhi:git
2021-09-09,26081,1326,4.8,27407,7267864,169323,7437187,fhi:git
2021-09-10,22607,1183,5.0,23790,7290471,170506,7460977,fhi:git
2021-09-11,9916,665,6.3,10581,7300387,171171,7471558,fhi:git
2021-09-12,10377,778,7.0,11155,7310764,171949,7482713,fhi:git
2021-09-13,29311,1313,4.3,30624,7340075,173262,7513337,fhi:git
2021-09-14,24932,1012,3.9,25944,7365007,174274,7539281,fhi:git
2021-09-15,23496,921,3.8,24417,7388503,175195,7563698,fhi:git
2021-09-16,20456,810,3.8,21266,7408959,176005,7584964,fhi:git
2021-09-17,15978,684,4.1,16662,7424937,176689,7601626,fhi:git
2021-09-18,8164,510,5.9,8674,7433101,177199,7610300,fhi:git
2021-09-19,8850,481,5.2,9331,7441951,177680,7619631,fhi:git
2021-09-20,26837,988,3.6,27825,7468788,178668,7647456,fhi:git
2021-09-21,21065,702,3.2,21767,7489853,179370,7669223,fhi:git
2021-09-22,19195,725,3.6,19920,7509048,180095,7689143,fhi:git
2021-09-23,16155,760,4.5,16915,7525203,180855,7706058,fhi:git
2021-09-24,13077,650,4.7,13727,7538280,181505,7719785,fhi:git
2021-09-25,5530,404,6.8,5934,7543810,181909,7725719,fhi:git
2021-09-26,5546,386,6.5,5932,7549356,182295,7731651,fhi:git
2021-09-27,16533,750,4.3,17283,7565889,183045,7748934,fhi:git
2021-09-28,12741,609,4.6,13350,7578630,183654,7762284,fhi:git
2021-09-29,12643,583,4.4,13226,7591273,184237,7775510,fhi:git
2021-09-30,11449,498,4.2,11947,7602722,184735,7787457,fhi:git
2021-10-01,9513,488,4.9,10001,7612235,185223,7797458,fhi:git
2021-10-02,4147,300,6.7,4447,7616382,185523,7801905,fhi:git
2021-10-03,4627,256,5.2,4883,7621009,185779,7806788,fhi:git
2021-10-04,13301,657,4.7,13958,7634310,186436,7820746,fhi:git
2021-10-05,10631,486,4.4,11117,7644941,186922,7831863,fhi:git
2021-10-06,10349,492,4.5,10841,7655290,187414,7842704,fhi:git
2021-10-07,9615,449,4.5,10064,7664905,187863,7852768,fhi:git
2021-10-08,7869,446,5.4,8315,7672774,188309,7861083,fhi:git
2021-10-09,3753,238,6.0,3991,7676527,188547,7865074,fhi:git
2021-10-10,3783,243,6.0,4026,7680310,188790,7869100,fhi:git
2021-10-11,11034,616,5.3,11650,7691344,189406,7880750,fhi:git
2021-10-12,8354,459,5.2,8813,7699698,189865,7889563,fhi:git
2021-10-13,8555,386,4.3,8941,7708253,190251,7898504,fhi:git
2021-10-14,7438,375,4.8,7813,7715691,190626,7906317,fhi:git
2021-10-15,6861,448,6.1,7309,7722552,191074,7913626,fhi:git
2021-10-16,3135,290,8.5,3425,7725687,191364,7917051,fhi:git
2021-10-17,3585,259,6.7,3844,7729272,191623,7920895,fhi:git
2021-10-18,11131,746,6.3,11877,7740403,192369,7932772,fhi:git
2021-10-19,8884,580,6.1,9464,7749287,192949,7942236,fhi:git
2021-10-20,9468,715,7.0,10183,7758755,193664,7952419,fhi:git
2021-10-21,8621,645,7.0,9266,7767376,194309,7961685,fhi:git
2021-10-22,7959,752,8.6,8711,7775335,195061,7970396,fhi:git
2021-10-23,3846,463,10.7,4309,7779181,195524,7974705,fhi:git
2021-10-24,4322,502,10.4,4824,7783503,196026,7979529,fhi:git
2021-10-25,12962,1224,8.6,14186,7796465,197250,7993715,fhi:git
2021-10-26,11101,1055,8.7,12156,7807566,198305,8005871,fhi:git
2021-10-27,11729,1114,8.7,12843,7819295,199419,8018714,fhi:git
2021-10-28,12059,1143,8.7,13202,7831354,200562,8031916,fhi:git
2021-10-29,10749,1179,9.9,11928,7842103,201741,8043844,fhi:git
2021-10-30,4762,605,11.3,5367,7846865,202346,8049211,fhi:git
2021-10-31,4993,687,12.1,5680,7851858,203033,8054891,fhi:git
2021-11-01,16357,1975,10.8,18332,7868215,205008,8073223,fhi:git
2021-11-02,14268,1415,9.0,15683,7882483,206423,8088906,fhi:git
2021-11-03,15276,1652,9.8,16928,7897759,208075,8105834,fhi:git
2021-11-04,13366,1498,10.1,14864,7911125,209573,8120698,fhi:git
2021-11-05,12681,1457,10.3,14138,7923806,211030,8134836,fhi:git
2021-11-06,5919,885,13.0,6804,7929725,211915,8141640,fhi:git
2021-11-07,6461,958,12.9,7419,7936186,212873,8149059,fhi:git
2021-11-08,18330,2390,11.5,20720,7954516,215263,8169779,fhi:git
2021-11-09,16103,1753,9.8,17856,7970619,217016,8187635,fhi:git
2021-11-10,17163,1966,10.3,19129,7987782,218982,8206764,fhi:git
2021-11-11,15913,1773,10.0,17686,8003695,220755,8224450,fhi:git
2021-11-12,13418,1791,11.8,15209,8017113,222546,8239659,fhi:git
2021-11-13,6571,1088,14.2,7659,8023684,223634,8247318,fhi:git
2021-11-14,6940,1061,13.3,8001,8030624,224695,8255319,fhi:git
2021-11-15,19920,2861,12.6,22781,8050544,227556,8278100,fhi:git
2021-11-16,16610,2140,11.4,18750,8067154,229696,8296850,fhi:git
2021-11-17,16587,2434,12.8,19021,8083741,232130,8315871,fhi:git
2021-11-18,14835,2335,13.6,17170,8098576,234465,8333041,fhi:git
2021-11-19,13915,2222,13.8,16137,8112491,236687,8349178,fhi:git
2021-11-20,6812,1378,16.8,8190,8119303,238065,8357368,fhi:git
2021-11-21,7025,1351,16.1,8376,8126328,239416,8365744,fhi:git
2021-11-22,19934,3534,15.1,23468,8146262,242950,8389212,fhi:git
2021-11-23,16416,2800,14.6,19216,8162678,245750,8408428,fhi:git
2021-11-24,16324,2939,15.3,19263,8179002,248689,8427691,fhi:git
2021-11-25,15675,2822,15.3,18497,8194677,251511,8446188,fhi:git
2021-11-26,13773,2728,16.5,16501,8208450,254239,8462689,fhi:git
2021-11-27,7481,1796,19.4,9277,8215931,256035,8471966,fhi:git
2021-11-28,7813,1845,19.1,9658,8223744,257880,8481624,fhi:git
2021-11-29,21659,4687,17.8,26346,8245403,262567,8507970,fhi:git
2021-11-30,20132,3788,15.8,23920,8265535,266355,8531890,fhi:git
2021-12-01,20205,4073,16.8,24278,8285740,270428,8556168,fhi:git
2021-12-02,21782,4186,16.1,25968,8307522,274614,8582136,fhi:git
2021-12-03,21215,4293,16.8,25508,8328737,278907,8607644,fhi:git
2021-12-04,10760,2680,19.9,13440,8339497,281587,8621084,fhi:git
2021-12-05,11009,2898,20.8,13907,8350506,284485,8634991,fhi:git
2021-12-06,28289,6473,18.6,34762,8378795,290958,8669753,fhi:git
2021-12-07,25836,5517,17.6,31353,8404631,296475,8701106,fhi:git
2021-12-08,26349,5309,16.8,31658,8430980,301784,8732764,fhi:git
2021-12-09,26628,5301,16.6,31929,8457608,307085,8764693,fhi:git
2021-12-10,27971,5183,15.6,33154,8485579,312268,8797847,fhi:git
2021-12-11,13977,3166,18.5,17143,8499556,315434,8814990,fhi:git
2021-12-12,14005,3212,18.7,17217,8513561,318646,8832207,fhi:git
2021-12-13,31793,6646,17.3,38439,8545354,325292,8870646,fhi:git
2021-12-14,30870,5200,14.4,36070,8576224,330492,8906716,fhi:git
2021-12-15,30374,5022,14.2,35396,8606598,335514,8942112,fhi:git
2021-12-16,28954,4656,13.9,33610,8635552,340170,8975722,fhi:git
2021-12-17,27598,4252,13.4,31850,8663150,344422,9007572,fhi:git
2021-12-18,15147,2748,15.4,17895,8678297,347170,9025467,fhi:git
2021-12-19,13937,2605,15.7,16542,8692234,349775,9042009,fhi:git
2021-12-20,30062,5365,15.1,35427,8722296,355140,9077436,fhi:git
2021-12-21,25127,4173,14.2,29300,8747423,359313,9106736,fhi:git
2021-12-22,19689,3690,15.8,23379,8767112,363003,9130115,fhi:git
2021-12-23,13131,3353,20.3,16484,8780243,366356,9146599,fhi:git
2021-12-24,5043,1781,26.1,6824,8785286,368137,9153423,fhi:git
2021-12-25,5500,2026,26.9,7526,8790786,370163,9160949,fhi:git
2021-12-26,7407,2435,24.7,9842,8798193,372598,9170791,fhi:git
2021-12-27,15815,4797,23.3,20612,8814008,377395,9191403,fhi:git
2021-12-28,14802,4017,21.3,18819,8828810,381412,9210222,fhi:git
2021-12-29,14712,4172,22.1,18884,8843522,385584,9229106,fhi:git
2021-12-30,12934,4193,24.5,17127,8856456,389777,9246233,fhi:git
2021-12-31,7641,2833,27.0,10474,8864097,392610,9256707,fhi:git
2022-01-01,5463,2590,32.2,8053,8869560,395200,9264760,fhi:git
2022-01-02,8999,4056,31.1,13055,8878559,399256,9277815,fhi:git
2022-01-03,22513,9145,28.9,31658,8901072,408401,9309473,fhi:git
2022-01-04,19337,8016,29.3,27353,8920409,416417,9336826,fhi:git
2022-01-05,19506,7047,26.5,26553,8939915,423464,9363379,fhi:git
2022-01-06,18361,6220,25.3,24581,8958276,429684,9387960,fhi:git
2022-01-07,15320,6376,29.4,21696,8973596,436060,9409656,fhi:git
2022-01-08,8486,4435,34.3,12921,8982082,440495,9422577,fhi:git
2022-01-09,9195,5178,36.0,14373,8991277,445673,9436950,fhi:git
2022-01-10,21158,12140,36.5,33298,9012435,457813,9470248,fhi:git
2022-01-11,18149,10917,37.6,29066,9030584,468730,9499314,fhi:git
2022-01-12,18787,11137,37.2,29924,9049371,479867,9529238,fhi:git
2022-01-13,18312,10884,37.3,29196,9067683,490751,9558434,fhi:git
2022-01-14,16137,11350,41.3,27487,9083820,502101,9585921,fhi:git
2022-01-15,8913,7748,46.5,16661,9092733,509849,9602582,fhi:git
2022-01-16,9311,8643,48.1,17954,9102044,518492,9620536,fhi:git
2022-01-17,22665,20822,47.9,43487,9124709,539314,9664023,fhi:git
2022-01-18,21145,18541,46.7,39686,9145854,557855,9703709,fhi:git
2022-01-19,20720,18156,46.7,38876,9166574,576011,9742585,fhi:git
2022-01-20,20076,18280,47.7,38356,9186650,594291,9780941,fhi:git
2022-01-21,19582,18559,48.7,38141,9206232,612850,9819082,fhi:git
2022-01-22,9925,12270,55.3,22195,9216157,625120,9841277,fhi:git
2022-01-23,9241,12869,58.2,22110,9225398,637989,9863387,fhi:git
2022-01-24,21999,28366,56.3,50365,9247397,666355,9913752,fhi:git
2022-01-25,18012,23591,56.7,41603,9265409,689946,9955355,fhi:git
2022-01-26,16702,22090,56.9,38792,9282111,712036,9994147,fhi:git
2022-01-27,14607,20094,57.9,34701,9296718,732130,10028848,fhi:git
2022-01-28,12496,19003,60.3,31499,9309214,751133,10060347,fhi:git
2022-01-29,6570,10780,62.1,17350,9315784,761913,10077697,fhi:git
2022-01-30,6411,11548,64.3,17959,9322195,773461,10095656,fhi:git
2022-01-31,15883,27867,63.7,43750,9338078,801328,10139406,fhi:git
2022-02-01,14175,23470,62.3,37645,9352253,824798,10177051,fhi:git
2022-02-02,12309,20359,62.3,32668,9364562,845157,10209719,fhi:git
2022-02-03,10569,17534,62.4,28103,9375131,862691,10237822,fhi:git
2022-02-04,8984,17422,66.0,26406,9384115,880113,10264228,fhi:git
2022-02-05,4726,10968,69.9,15694,9388841,891081,10279922,fhi:git
2022-02-06,4959,11101,69.1,16060,9393800,902182,10295982,fhi:git
2022-02-07,11355,29479,72.2,40834,9405155,931661,10336816,fhi:git
2022-02-08,10466,25520,70.9,35986,9415621,957181,10372802,fhi:git
2022-02-09,11020,24017,68.5,35037,9426641,981198,10407839,fhi:git
2022-02-10,9749,21935,69.2,31684,9436390,1003133,10439523,fhi:git
2022-02-11,8542,20538,70.6,29080,9444932,1023671,10468603,fhi:git
2022-02-12,3486,9193,72.5,12679,9448418,1032864,10481282,fhi:git
2022-02-13,3044,7832,72.0,10876,9451462,1040696,10492158,fhi:git
2022-02-14,6388,20273,76.0,26661,9457850,1060969,10518819,fhi:git
2022-02-15,5983,16667,73.6,22650,9463833,1077636,10541469,fhi:git
2022-02-16,6604,17191,72.2,23795,9470437,1094827,10565264,fhi:git
2022-02-17,6257,15827,71.7,22084,9476694,1110654,10587348,fhi:git
2022-02-18,5528,15700,74.0,21228,9482222,1126354,10608576,fhi:git
2022-02-19,2809,7700,73.3,10509,9485031,1134054,10619085,fhi:git
2022-02-20,2719,7537,73.5,10256,9487750,1141591,10629341,fhi:git
2022-02-21,5995,22217,78.8,28212,9493745,1163808,10657553,fhi:git
2022-02-22,5611,18336,76.6,23947,9499356,1182144,10681500,fhi:git
2022-02-23,5455,18140,76.9,23595,9504811,1200284,10705095,fhi:git
2022-02-24,5110,15341,75.0,20451,9509921,1215625,10725546,fhi:git
2022-02-25,4206,14545,77.6,18751,9514127,1230170,10744297,fhi:git
2022-02-26,2061,6209,75.1,8270,9516188,1236379,10752567,fhi:git
2022-02-27,1980,6188,75.8,8168,9518168,1242567,10760735,fhi:git
2022-02-28,5033,17547,77.7,22580,9523201,1260114,10783315,fhi:git
2022-03-01,4396,12467,73.9,16863,9527597,1272581,10800178,fhi:git
2022-03-02,4209,11102,72.5,15311,9531806,1283683,10815489,fhi:git
2022-03-03,3750,8896,70.3,12646,9535556,1292579,10828135,fhi:git
2022-03-04,3150,8290,72.5,11440,9538706,1300869,10839575,fhi:git
2022-03-05,1640,3722,69.4,5362,9540346,1304591,10844937,fhi:git
2022-03-06,1681,3397,66.9,5078,9542027,1307988,10850015,fhi:git
2022-03-07,4106,11621,73.9,15727,9546133,1319609,10865742,fhi:git
2022-03-08,3588,7558,67.8,11146,9549721,1327167,10876888,fhi:git
2022-03-09,3596,7188,66.7,10784,9553317,1334355,10887672,fhi:git
2022-03-10,3156,5846,64.9,9002,9556473,1340201,10896674,fhi:git
2022-03-11,2970,5385,64.5,8355,9559443,1345586,10905029,fhi:git
2022-03-12,1244,2208,64.0,3452,9560687,1347794,10908481,fhi:git
2022-03-13,1424,2256,61.3,3680,9562111,1350050,10912161,fhi:git
2022-03-14,4024,7377,64.7,11401,9566135,1357427,10923562,fhi:git
2022-03-15,3253,4628,58.7,7881,9569388,1362055,10931443,fhi:git
2022-03-16,3258,4568,58.4,7826,9572646,1366623,10939269,fhi:git
2022-03-17,3164,3777,54.4,6941,9575810,1370400,10946210,fhi:git
2022-03-18,2690,3466,56.3,6156,9578500,1373866,10952366,fhi:git
2022-03-19,1236,1576,56.0,2812,9579736,1375442,10955178,fhi:git
2022-03-20,1267,1289,50.4,2556,9581003,1376731,10957734,fhi:git
2022-03-21,3583,4697,56.7,8280,9584586,1381428,10966014,fhi:git
2022-03-22,3141,3003,48.9,6144,9587727,1384431,10972158,fhi:git
2022-03-23,3258,3245,49.9,6503,9590985,1387676,10978661,fhi:git
2022-03-24,2919,2495,46.1,5414,9593904,1390171,10984075,fhi:git
2022-03-25,2587,2291,47.0,4878,9596491,1392462,10988953,fhi:git
2022-03-26,1186,987,45.4,2173,9597677,1393449,10991126,fhi:git
2022-03-27,1169,816,41.1,1985,9598846,1394265,10993111,fhi:git
2022-03-28,3735,2846,43.2,6581,9602581,1397111,10999692,fhi:git
2022-03-29,2950,1743,37.1,4693,9605531,1398854,11004385,fhi:git
2022-03-30,3072,1968,39.0,5040,9608603,1400822,11009425,fhi:git
2022-03-31,2851,1459,33.9,4310,9611454,1402281,11013735,fhi:git
2022-04-01,2393,1438,37.5,3831,9613847,1403719,11017566,fhi:git
2022-04-02,1020,549,35.0,1569,9614867,1404268,11019135,fhi:git
2022-04-03,1284,510,28.4,1794,9616151,1404778,11020929,fhi:git
2022-04-04,3606,1839,33.8,5445,9619757,1406617,11026374,fhi:git
2022-04-05,3030,1251,29.2,4281,9622787,1407868,11030655,fhi:git
2022-04-06,3054,1221,28.6,4275,9625841,1409089,11034930,fhi:git
2022-04-07,2808,913,24.5,3721,9628649,1410002,11038651,fhi:git
2022-04-08,2497,948,27.5,3445,9631146,1410950,11042096,fhi:git
2022-04-09,1103,390,26.1,1493,9632249,1411340,11043589,fhi:git
2022-04-10,1003,331,24.8,1334,9633252,1411671,11044923,fhi:git
2022-04-11,2505,1159,31.6,3664,9635757,1412830,11048587,fhi:git
2022-04-12,1825,728,28.5,2553,9637582,1413558,11051140,fhi:git
2022-04-13,1320,564,29.9,1884,9638902,1414122,11053024,fhi:git
2022-04-14,844,303,26.4,1147,9639746,1414425,11054171,fhi:git
2022-04-15,774,324,29.5,1098,9640520,1414749,11055269,fhi:git
2022-04-16,759,348,31.4,1107,9641279,1415097,11056376,fhi:git
2022-04-17,808,219,21.3,1027,9642087,1415316,11057403,fhi:git
2022-04-18,1122,473,29.7,1595,9643209,1415789,11058998,fhi:git
2022-04-19,2518,1140,31.2,3658,9645727,1416929,11062656,fhi:git
2022-04-20,2110,752,26.3,2862,9647837,1417681,11065518,fhi:git
2022-04-21,1883,571,23.3,2454,9649720,1418252,11067972,fhi:git
2022-04-22,1661,549,24.8,2210,9651381,1418801,11070182,fhi:git
2022-04-23,700,157,18.3,857,9652081,1418958,11071039,fhi:git
2022-04-24,691,134,16.2,825,9652772,1419092,11071864,fhi:git
2022-04-25,1966,620,24.0,2586,9654738,1419712,11074450,fhi:git
2022-04-26,1605,351,17.9,1956,9656343,1420063,11076406,fhi:git
2022-04-27,1649,409,19.9,2058,9657992,1420472,11078464,fhi:git
2022-04-28,1604,340,17.5,1944,9659596,1420812,11080408,fhi:git
2022-04-29,1338,344,20.5,1682,9660934,1421156,11082090,fhi:git
2022-04-30,637,107,14.4,744,9661571,1421263,11082834,fhi:git
2022-05-01,598,86,12.6,684,9662169,1421349,11083518,fhi:git
2022-05-02,1643,465,22.1,2108,9663812,1421814,11085626,fhi:git
2022-05-03,1418,333,19.0,1751,9665230,1422147,11087377,fhi:git
2022-05-04,1537,298,16.2,1835,9666767,1422445,11089212,fhi:git
2022-05-05,1307,288,18.1,1595,9668074,1422733,11090807,fhi:git
2022-05-06,1280,319,19.9,1599,9669354,1423052,11092406,fhi:git
2022-05-07,493,89,15.3,582,9669847,1423141,11092988,fhi:git
2022-05-08,505,86,14.6,591,9670352,1423227,11093579,fhi:git
2022-05-09,1617,460,22.1,2077,9671969,1423687,11095656,fhi:git
2022-05-10,1377,291,17.4,1668,9673346,1423978,11097324,fhi:git
2022-05-11,1260,307,19.6,1567,9674606,1424285,11098891,fhi:git
2022-05-12,1336,277,17.2,1613,9675942,1424562,11100504,fhi:git
2022-05-13,1186,291,19.7,1477,9677128,1424853,11101981,fhi:git
2022-05-14,458,86,15.8,544,9677586,1424939,11102525,fhi:git
2022-05-15,507,63,11.1,570,9678093,1425002,11103095,fhi:git
2022-05-16,1481,397,21.1,1878,9679574,1425399,11104973,fhi:git
2022-05-17,384,44,10.3,428,9679958,1425443,11105401,fhi:git
2022-05-18,1557,371,19.2,1928,9681515,1425814,11107329,fhi:git
2022-05-19,1479,284,16.1,1763,9682994,1426098,11109092,fhi:git
2022-05-20,1260,294,18.9,1554,9684254,1426392,11110646,fhi:git
2022-05-21,494,89,15.3,583,9684748,1426481,11111229,fhi:git
2022-05-22,521,74,12.4,595,9685269,1426555,11111824,fhi:git
2022-05-23,1733,423,19.6,2156,9687002,1426978,11113980,fhi:git
2022-05-24,1395,285,17.0,1680,9688397,1427263,11115660,fhi:git
2022-05-25,1275,302,19.2,1577,9689672,1427565,11117237,fhi:git
2022-05-26,404,78,16.2,482,9690076,1427643,11117719,fhi:git
2022-05-27,1167,331,22.1,1498,9691243,1427974,11119217,fhi:git
2022-05-28,400,77,16.1,477,9691643,1428051,11119694,fhi:git
2022-05-29,451,81,15.2,532,9692094,1428132,11120226,fhi:git
2022-05-30,1569,473,23.2,2042,9693663,1428605,11122268,fhi:git
2022-05-31,1207,298,19.8,1505,9694870,1428903,11123773,fhi:git
2022-06-01,1155,315,21.4,1470,9696025,1429218,11125243,fhi:git
2022-06-02,1107,297,21.2,1404,9697132,1429515,11126647,fhi:git
2022-06-03,1091,305,21.8,1396,9698223,1429820,11128043,fhi:git
2022-06-04,431,93,17.7,524,9698654,1429913,11128567,fhi:git
2022-06-05,478,76,13.7,554,9699132,1429989,11129121,fhi:git
2022-06-06,506,122,19.4,628,9699638,1430111,11129749,fhi:git
2022-06-07,1374,514,27.2,1888,9701012,1430625,11131637,fhi:git
2022-06-08,1301,421,24.4,1722,9702313,1431046,11133359,fhi:git
2022-06-09,1263,385,23.4,1648,9703576,1431431,11135007,fhi:git
2022-06-10,1312,420,24.2,1732,9704888,1431851,11136739,fhi:git
2022-06-11,581,119,17.0,700,9705469,1431970,11137439,fhi:git
2022-06-12,873,129,12.9,1002,9706342,1432099,11138441,fhi:git
2022-06-13,1594,579,26.6,2173,9707936,1432678,11140614,fhi:git
2022-06-14,1408,445,24.0,1853,9709344,1433123,11142467,fhi:git
2022-06-15,1347,511,27.5,1858,9710691,1433634,11144325,fhi:git
2022-06-16,1309,552,29.7,1861,9712000,1434186,11146186,fhi:git
2022-06-17,1453,634,30.4,2087,9713453,1434820,11148273,fhi:git
2022-06-18,548,165,23.1,713,9714001,1434985,11148986,fhi:git
2022-06-19,734,172,19.0,906,9714735,1435157,11149892,fhi:git
2022-06-20,1798,940,34.3,2738,9716533,1436097,11152630,fhi:git
2022-06-21,1597,746,31.8,2343,9718130,1436843,11154973,fhi:git
2022-06-22,1431,874,37.9,2305,9719561,1437717,11157278,fhi:git
2022-06-23,1323,756,36.4,2079,9720884,1438473,11159357,fhi:git
2022-06-24,1396,814,36.8,2210,9722280,1439287,11161567,fhi:git
2022-06-25,618,242,28.1,860,9722898,1439529,11162427,fhi:git
2022-06-26,692,224,24.5,916,9723590,1439753,11163343,fhi:git
2022-06-27,1706,992,36.8,2698,9725296,1440745,11166041,fhi:git
2022-06-28,1370,755,35.5,2125,9726666,1441500,11168166,fhi:git
2022-06-29,1280,680,34.7,1960,9727946,1442180,11170126,fhi:git
2022-06-30,1223,588,32.5,1811,9729169,1442768,11171937,fhi:git
2022-07-01,1054,453,30.1,1507,9730223,1443221,11173444,fhi:git
2022-07-02,568,194,25.5,762,9730791,1443415,11174206,fhi:git
2022-07-03,620,148,19.3,768,9731411,1443563,11174974,fhi:git
2022-07-04,1269,473,27.2,1742,9732680,1444036,11176716,fhi:git
2022-07-05,876,346,28.3,1222,9733556,1444382,11177938,fhi:git
2022-07-06,445,151,25.3,596,9734001,1444533,11178534,fhi:git
