date,new_neg,new_pos,pr100_pos,new_total,total_neg,total_pos,total,source
2020-04-01,3739,198,5.0,3937,3739,198,3937,fhi:git
2020-04-02,3363,198,5.6,3561,7102,396,7498,fhi:git
2020-04-03,3392,164,4.6,3556,10494,560,11054,fhi:git
2020-04-04,1298,88,6.3,1386,11792,648,12440,fhi:git
2020-04-05,1046,72,6.4,1118,12838,720,13558,fhi:git
2020-04-06,3373,159,4.5,3532,16211,879,17090,fhi:git
2020-04-07,2832,140,4.7,2972,19043,1019,20062,fhi:git
2020-04-08,2170,106,4.7,2276,21213,1125,22338,fhi:git
2020-04-09,1227,103,7.7,1330,22440,1228,23668,fhi:git
2020-04-10,1287,68,5.0,1355,23727,1296,25023,fhi:git
2020-04-11,1312,110,7.7,1422,25039,1406,26445,fhi:git
2020-04-12,1169,76,6.1,1245,26208,1482,27690,fhi:git
2020-04-13,1241,77,5.8,1318,27449,1559,29008,fhi:git
2020-04-14,3247,122,3.6,3369,30696,1681,32377,fhi:git
2020-04-15,3325,103,3.0,3428,34021,1784,35805,fhi:git
2020-04-16,3030,80,2.6,3110,37051,1864,38915,fhi:git
2020-04-17,3024,108,3.4,3132,40075,1972,42047,fhi:git
2020-04-18,1127,49,4.2,1176,41202,2021,43223,fhi:git
2020-04-19,1107,36,3.1,1143,42309,2057,44366,fhi:git
2020-04-20,3693,84,2.2,3777,46002,2141,48143,fhi:git
2020-04-21,3504,78,2.2,3582,49506,2219,51725,fhi:git
2020-04-22,3269,77,2.3,3346,52775,2296,55071,fhi:git
2020-04-23,2907,69,2.3,2976,55682,2365,58047,fhi:git
2020-04-24,3228,53,1.6,3281,58910,2418,61328,fhi:git
2020-04-25,1107,25,2.2,1132,60017,2443,62460,fhi:git
2020-04-26,936,37,3.8,973,60953,2480,63433,fhi:git
2020-04-27,4033,71,1.7,4104,64986,2551,67537,fhi:git
2020-04-28,4062,50,1.2,4112,69048,2601,71649,fhi:git
2020-04-29,3916,39,1.0,3955,72964,2640,75604,fhi:git
2020-04-30,4401,39,0.9,4440,77365,2679,80044,fhi:git
2020-05-01,1469,43,2.8,1512,78834,2722,81556,fhi:git
2020-05-02,1532,23,1.5,1555,80366,2745,83111,fhi:git
2020-05-03,1219,44,3.5,1263,81585,2789,84374,fhi:git
2020-05-04,4684,45,1.0,4729,86269,2834,89103,fhi:git
2020-05-05,4273,43,1.0,4316,90542,2877,93419,fhi:git
2020-05-06,4245,39,0.9,4284,94787,2916,97703,fhi:git
2020-05-07,3724,29,0.8,3753,98511,2945,101456,fhi:git
2020-05-08,3764,42,1.1,3806,102275,2987,105262,fhi:git
2020-05-09,1294,11,0.8,1305,103569,2998,106567,fhi:git
2020-05-10,992,12,1.2,1004,104561,3010,107571,fhi:git
2020-05-11,4377,25,0.6,4402,108938,3035,111973,fhi:git
2020-05-12,4779,19,0.4,4798,113717,3054,116771,fhi:git
2020-05-13,4453,19,0.4,4472,118170,3073,121243,fhi:git
2020-05-14,4184,23,0.5,4207,122354,3096,125450,fhi:git
2020-05-15,4157,23,0.6,4180,126511,3119,129630,fhi:git
2020-05-16,1299,13,1.0,1312,127810,3132,130942,fhi:git
2020-05-17,663,4,0.6,667,128473,3136,131609,fhi:git
2020-05-18,4396,17,0.4,4413,132869,3153,136022,fhi:git
2020-05-19,4643,20,0.4,4663,137512,3173,140685,fhi:git
2020-05-20,3937,19,0.5,3956,141449,3192,144641,fhi:git
2020-05-21,1136,14,1.2,1150,142585,3206,145791,fhi:git
2020-05-22,3323,26,0.8,3349,145908,3232,149140,fhi:git
2020-05-23,1036,6,0.6,1042,146944,3238,150182,fhi:git
2020-05-24,896,6,0.7,902,147840,3244,151084,fhi:git
2020-05-25,4054,18,0.4,4072,151894,3262,155156,fhi:git
2020-05-26,3446,12,0.3,3458,155340,3274,158614,fhi:git
2020-05-27,3270,18,0.5,3288,158610,3292,161902,fhi:git
2020-05-28,2771,16,0.6,2787,161381,3308,164689,fhi:git
2020-05-29,2579,16,0.6,2595,163960,3324,167284,fhi:git
2020-05-30,812,0,0.0,812,164772,3324,168096,fhi:git
2020-05-31,630,6,0.9,636,165402,3330,168732,fhi:git
2020-06-01,739,7,0.9,746,166141,3337,169478,fhi:git
2020-06-02,3818,31,0.8,3849,169959,3368,173327,fhi:git
2020-06-03,3128,12,0.4,3140,173087,3380,176467,fhi:git
2020-06-04,2914,17,0.6,2931,176001,3397,179398,fhi:git
2020-06-05,2905,30,1.0,2935,178906,3427,182333,fhi:git
2020-06-06,944,8,0.8,952,179850,3435,183285,fhi:git
2020-06-07,939,9,0.9,948,180789,3444,184233,fhi:git
2020-06-08,5737,18,0.3,5755,186526,3462,189988,fhi:git
2020-06-09,5647,13,0.2,5660,192173,3475,195648,fhi:git
2020-06-10,4548,14,0.3,4562,196721,3489,200210,fhi:git
2020-06-11,4859,11,0.2,4870,201580,3500,205080,fhi:git
2020-06-12,4622,13,0.3,4635,206202,3513,209715,fhi:git
2020-06-13,1242,7,0.6,1249,207444,3520,210964,fhi:git
2020-06-14,1129,6,0.5,1135,208573,3526,212099,fhi:git
2020-06-15,5836,18,0.3,5854,214409,3544,217953,fhi:git
2020-06-16,5422,36,0.7,5458,219831,3580,223411,fhi:git
2020-06-17,4970,15,0.3,4985,224801,3595,228396,fhi:git
2020-06-18,4552,13,0.3,4565,229353,3608,232961,fhi:git
2020-06-19,3795,18,0.5,3813,233148,3626,236774,fhi:git
2020-06-20,1059,6,0.6,1065,234207,3632,237839,fhi:git
2020-06-21,1030,4,0.4,1034,235237,3636,238873,fhi:git
2020-06-22,5011,28,0.6,5039,240248,3664,243912,fhi:git
2020-06-23,4653,13,0.3,4666,244901,3677,248578,fhi:git
2020-06-24,4613,21,0.5,4634,249514,3698,253212,fhi:git
2020-06-25,4163,17,0.4,4180,253677,3715,257392,fhi:git
2020-06-26,3914,22,0.6,3936,257591,3737,261328,fhi:git
2020-06-27,1106,10,0.9,1116,258697,3747,262444,fhi:git
2020-06-28,993,1,0.1,994,259690,3748,263438,fhi:git
2020-06-29,5920,26,0.4,5946,265610,3774,269384,fhi:git
2020-06-30,5020,11,0.2,5031,270630,3785,274415,fhi:git
2020-07-01,5116,8,0.2,5124,275746,3793,279539,fhi:git
2020-07-02,4738,9,0.2,4747,280484,3802,284286,fhi:git
2020-07-03,4534,10,0.2,4544,285018,3812,288830,fhi:git
2020-07-04,1428,2,0.1,1430,286446,3814,290260,fhi:git
2020-07-05,1198,1,0.1,1199,287644,3815,291459,fhi:git
2020-07-06,6316,14,0.2,6330,293960,3829,297789,fhi:git
2020-07-07,5340,10,0.2,5350,299300,3839,303139,fhi:git
2020-07-08,5295,11,0.2,5306,304595,3850,308445,fhi:git
2020-07-09,4812,8,0.2,4820,309407,3858,313265,fhi:git
2020-07-10,4691,13,0.3,4704,314098,3871,317969,fhi:git
2020-07-11,1393,4,0.3,1397,315491,3875,319366,fhi:git
2020-07-12,1196,5,0.4,1201,316687,3880,320567,fhi:git
2020-07-13,6356,19,0.3,6375,323043,3899,326942,fhi:git
2020-07-14,5259,8,0.2,5267,328302,3907,332209,fhi:git
2020-07-15,5405,6,0.1,5411,333707,3913,337620,fhi:git
2020-07-16,4557,4,0.1,4561,338264,3917,342181,fhi:git
2020-07-17,4133,12,0.3,4145,342397,3929,346326,fhi:git
2020-07-18,1420,1,0.1,1421,343817,3930,347747,fhi:git
2020-07-19,1347,3,0.2,1350,345164,3933,349097,fhi:git
2020-07-20,6003,21,0.3,6024,351167,3954,355121,fhi:git
2020-07-21,4820,6,0.1,4826,355987,3960,359947,fhi:git
2020-07-22,4909,22,0.4,4931,360896,3982,364878,fhi:git
2020-07-23,4479,6,0.1,4485,365375,3988,369363,fhi:git
2020-07-24,4506,24,0.5,4530,369881,4012,373893,fhi:git
2020-07-25,1703,6,0.4,1709,371584,4018,375602,fhi:git
2020-07-26,1464,9,0.6,1473,373048,4027,377075,fhi:git
2020-07-27,6855,24,0.3,6879,379903,4051,383954,fhi:git
2020-07-28,5879,16,0.3,5895,385782,4067,389849,fhi:git
2020-07-29,5863,37,0.6,5900,391645,4104,395749,fhi:git
2020-07-30,5544,23,0.4,5567,397189,4127,401316,fhi:git
2020-07-31,5402,72,1.3,5474,402591,4199,406790,fhi:git
2020-08-01,2102,14,0.7,2116,404693,4213,408906,fhi:git
2020-08-02,1894,13,0.7,1907,406587,4226,410813,fhi:git
2020-08-03,9289,38,0.4,9327,415876,4264,420140,fhi:git
2020-08-04,8404,40,0.5,8444,424280,4304,428584,fhi:git
2020-08-05,8700,66,0.8,8766,432980,4370,437350,fhi:git
2020-08-06,8613,79,0.9,8692,441593,4449,446042,fhi:git
2020-08-07,8372,80,0.9,8452,449965,4529,454494,fhi:git
2020-08-08,3269,35,1.1,3304,453234,4564,457798,fhi:git
2020-08-09,3142,34,1.1,3176,456376,4598,460974,fhi:git
2020-08-10,13445,63,0.5,13508,469821,4661,474482,fhi:git
2020-08-11,12937,42,0.3,12979,482758,4703,487461,fhi:git
2020-08-12,13385,63,0.5,13448,496143,4766,500909,fhi:git
2020-08-13,13220,54,0.4,13274,509363,4820,514183,fhi:git
2020-08-14,13707,76,0.6,13783,523070,4896,527966,fhi:git
2020-08-15,5995,43,0.7,6038,529065,4939,534004,fhi:git
2020-08-16,5276,27,0.5,5303,534341,4966,539307,fhi:git
2020-08-17,18202,74,0.4,18276,552543,5040,557583,fhi:git
2020-08-18,16936,58,0.3,16994,569479,5098,574577,fhi:git
2020-08-19,16481,60,0.4,16541,585960,5158,591118,fhi:git
2020-08-20,15620,50,0.3,15670,601580,5208,606788,fhi:git
2020-08-21,15224,53,0.3,15277,616804,5261,622065,fhi:git
2020-08-22,6773,45,0.7,6818,623577,5306,628883,fhi:git
2020-08-23,6948,19,0.3,6967,630525,5325,635850,fhi:git
2020-08-24,21131,67,0.3,21198,651656,5392,657048,fhi:git
2020-08-25,19353,42,0.2,19395,671009,5434,676443,fhi:git
2020-08-26,18830,40,0.2,18870,689839,5474,695313,fhi:git
2020-08-27,17304,52,0.3,17356,707143,5526,712669,fhi:git
2020-08-28,16434,84,0.5,16518,723577,5610,729187,fhi:git
2020-08-29,6357,42,0.7,6399,729934,5652,735586,fhi:git
2020-08-30,6752,50,0.7,6802,736686,5702,742388,fhi:git
2020-08-31,22597,148,0.7,22745,759283,5850,765133,fhi:git
2020-09-01,20334,115,0.6,20449,779617,5965,785582,fhi:git
2020-09-02,19099,101,0.5,19200,798716,6066,804782,fhi:git
2020-09-03,17626,125,0.7,17751,816342,6191,822533,fhi:git
2020-09-04,15493,119,0.8,15612,831835,6310,838145,fhi:git
2020-09-05,5949,73,1.2,6022,837784,6383,844167,fhi:git
2020-09-06,6370,60,0.9,6430,844154,6443,850597,fhi:git
2020-09-07,20905,132,0.6,21037,865059,6575,871634,fhi:git
2020-09-08,18774,113,0.6,18887,883833,6688,890521,fhi:git
2020-09-09,17837,124,0.7,17961,901670,6812,908482,fhi:git
2020-09-10,15566,132,0.8,15698,917236,6944,924180,fhi:git
2020-09-11,14868,119,0.8,14987,932104,7063,939167,fhi:git
2020-09-12,7051,67,0.9,7118,939155,7130,946285,fhi:git
2020-09-13,6698,78,1.2,6776,945853,7208,953061,fhi:git
2020-09-14,21445,104,0.5,21549,967298,7312,974610,fhi:git
2020-09-15,18895,132,0.7,19027,986193,7444,993637,fhi:git
2020-09-16,17573,137,0.8,17710,1003766,7581,1011347,fhi:git
2020-09-17,15178,117,0.8,15295,1018944,7698,1026642,fhi:git
2020-09-18,14060,94,0.7,14154,1033004,7792,1040796,fhi:git
2020-09-19,5796,58,1.0,5854,1038800,7850,1046650,fhi:git
2020-09-20,5743,77,1.3,5820,1044543,7927,1052470,fhi:git
2020-09-21,20654,163,0.8,20817,1065197,8090,1073287,fhi:git
2020-09-22,16716,101,0.6,16817,1081913,8191,1090104,fhi:git
2020-09-23,16236,143,0.9,16379,1098149,8334,1106483,fhi:git
2020-09-24,14367,133,0.9,14500,1112516,8467,1120983,fhi:git
2020-09-25,13785,130,0.9,13915,1126301,8597,1134898,fhi:git
2020-09-26,5980,63,1.0,6043,1132281,8660,1140941,fhi:git
2020-09-27,5939,54,0.9,5993,1138220,8714,1146934,fhi:git
2020-09-28,19134,124,0.6,19258,1157354,8838,1166192,fhi:git
2020-09-29,15438,110,0.7,15548,1172792,8948,1181740,fhi:git
2020-09-30,14884,120,0.8,15004,1187676,9068,1196744,fhi:git
2020-10-01,12828,131,1.0,12959,1200504,9199,1209703,fhi:git
2020-10-02,13068,134,1.0,13202,1213572,9333,1222905,fhi:git
2020-10-03,5719,110,1.9,5829,1219291,9443,1228734,fhi:git
2020-10-04,5950,89,1.5,6039,1225241,9532,1234773,fhi:git
2020-10-05,19137,208,1.1,19345,1244378,9740,1254118,fhi:git
2020-10-06,14822,198,1.3,15020,1259200,9938,1269138,fhi:git
2020-10-07,14172,199,1.4,14371,1273372,10137,1283509,fhi:git
2020-10-08,12972,168,1.3,13140,1286344,10305,1296649,fhi:git
2020-10-09,12683,141,1.1,12824,1299027,10446,1309473,fhi:git
2020-10-10,5873,65,1.1,5938,1304900,10511,1315411,fhi:git
2020-10-11,6422,78,1.2,6500,1311322,10589,1321911,fhi:git
2020-10-12,19756,166,0.8,19922,1331078,10755,1341833,fhi:git
2020-10-13,15685,155,1.0,15840,1346763,10910,1357673,fhi:git
2020-10-14,15180,162,1.1,15342,1361943,11072,1373015,fhi:git
2020-10-15,13716,141,1.0,13857,1375659,11213,1386872,fhi:git
2020-10-16,13008,137,1.0,13145,1388667,11350,1400017,fhi:git
2020-10-17,5886,88,1.5,5974,1394553,11438,1405991,fhi:git
2020-10-18,6359,93,1.4,6452,1400912,11531,1412443,fhi:git
2020-10-19,20526,219,1.1,20745,1421438,11750,1433188,fhi:git
2020-10-20,16900,183,1.1,17083,1438338,11933,1450271,fhi:git
2020-10-21,16048,221,1.4,16269,1454386,12154,1466540,fhi:git
2020-10-22,15385,285,1.8,15670,1469771,12439,1482210,fhi:git
2020-10-23,15137,368,2.4,15505,1484908,12807,1497715,fhi:git
2020-10-24,7320,231,3.1,7551,1492228,13038,1505266,fhi:git
2020-10-25,7628,202,2.6,7830,1499856,13240,1513096,fhi:git
2020-10-26,23157,487,2.1,23644,1523013,13727,1536740,fhi:git
2020-10-27,20694,391,1.9,21085,1543707,14118,1557825,fhi:git
2020-10-28,20852,514,2.4,21366,1564559,14632,1579191,fhi:git
2020-10-29,20686,431,2.0,21117,1585245,15063,1600308,fhi:git
2020-10-30,20120,616,3.0,20736,1605365,15679,1621044,fhi:git
2020-10-31,9281,385,4.0,9666,1614646,16064,1630710,fhi:git
2020-11-01,9464,323,3.3,9787,1624110,16387,1640497,fhi:git
2020-11-02,27396,647,2.3,28043,1651506,17034,1668540,fhi:git
2020-11-03,26665,682,2.5,27347,1678171,17716,1695887,fhi:git
2020-11-04,25205,690,2.7,25895,1703376,18406,1721782,fhi:git
2020-11-05,27270,602,2.2,27872,1730646,19008,1749654,fhi:git
2020-11-06,26741,650,2.4,27391,1757387,19658,1777045,fhi:git
2020-11-07,12192,388,3.1,12580,1769579,20046,1789625,fhi:git
2020-11-08,11367,385,3.3,11752,1780946,20431,1801377,fhi:git
2020-11-09,30431,706,2.3,31137,1811377,21137,1832514,fhi:git
2020-11-10,25124,603,2.3,25727,1836501,21740,1858241,fhi:git
2020-11-11,23217,662,2.8,23879,1859718,22402,1882120,fhi:git
2020-11-12,23048,637,2.7,23685,1882766,23039,1905805,fhi:git
2020-11-13,21484,697,3.1,22181,1904250,23736,1927986,fhi:git
2020-11-14,9548,379,3.8,9927,1913798,24115,1937913,fhi:git
2020-11-15,10564,405,3.7,10969,1924362,24520,1948882,fhi:git
2020-11-16,27789,720,2.5,28509,1952151,25240,1977391,fhi:git
2020-11-17,21190,633,2.9,21823,1973341,25873,1999214,fhi:git
2020-11-18,20961,652,3.0,21613,1994302,26525,2020827,fhi:git
2020-11-19,18831,564,2.9,19395,2013133,27089,2040222,fhi:git
2020-11-20,17640,519,2.9,18159,2030773,27608,2058381,fhi:git
2020-11-21,8024,288,3.5,8312,2038797,27896,2066693,fhi:git
2020-11-22,8099,279,3.3,8378,2046896,28175,2075071,fhi:git
2020-11-23,25180,608,2.4,25788,2072076,28783,2100859,fhi:git
2020-11-24,19113,413,2.1,19526,2091189,29196,2120385,fhi:git
2020-11-25,18928,513,2.6,19441,2110117,29709,2139826,fhi:git
2020-11-26,18130,477,2.6,18607,2128247,30186,2158433,fhi:git
2020-11-27,15502,447,2.8,15949,2143749,30633,2174382,fhi:git
2020-11-28,6794,236,3.4,7030,2150543,30869,2181412,fhi:git
2020-11-29,6878,229,3.2,7107,2157421,31098,2188519,fhi:git
2020-11-30,22555,448,1.9,23003,2179976,31546,2211522,fhi:git
2020-12-01,18004,362,2.0,18366,2197980,31908,2229888,fhi:git
2020-12-02,17228,420,2.4,17648,2215208,32328,2247536,fhi:git
2020-12-03,17192,399,2.3,17591,2232400,32727,2265127,fhi:git
2020-12-04,15329,381,2.4,15710,2247729,33108,2280837,fhi:git
2020-12-05,6562,252,3.7,6814,2254291,33360,2287651,fhi:git
2020-12-06,7129,262,3.5,7391,2261420,33622,2295042,fhi:git
2020-12-07,23207,500,2.1,23707,2284627,34122,2318749,fhi:git
2020-12-08,18654,392,2.1,19046,2303281,34514,2337795,fhi:git
2020-12-09,18471,453,2.4,18924,2321752,34967,2356719,fhi:git
2020-12-10,18903,435,2.2,19338,2340655,35402,2376057,fhi:git
2020-12-11,17444,403,2.3,17847,2358099,35805,2393904,fhi:git
2020-12-12,8746,255,2.8,9001,2366845,36060,2402905,fhi:git
2020-12-13,8858,285,3.1,9143,2375703,36345,2412048,fhi:git
2020-12-14,25553,544,2.1,26097,2401256,36889,2438145,fhi:git
2020-12-15,22177,440,1.9,22617,2423433,37329,2460762,fhi:git
2020-12-16,22715,450,1.9,23165,2446148,37779,2483927,fhi:git
2020-12-17,23534,430,1.8,23964,2469682,38209,2507891,fhi:git
2020-12-18,23811,474,2.0,24285,2493493,38683,2532176,fhi:git
2020-12-19,13022,309,2.3,13331,2506515,38992,2545507,fhi:git
2020-12-20,12419,299,2.4,12718,2518934,39291,2558225,fhi:git
2020-12-21,31187,621,2.0,31808,2550121,39912,2590033,fhi:git
2020-12-22,26009,560,2.1,26569,2576130,40472,2616602,fhi:git
2020-12-23,17800,586,3.2,18386,2593930,41058,2634988,fhi:git
2020-12-24,5815,292,4.8,6107,2599745,41350,2641095,fhi:git
2020-12-25,6301,293,4.4,6594,2606046,41643,2647689,fhi:git
2020-12-26,10461,466,4.3,10927,2616507,42109,2658616,fhi:git
2020-12-27,9883,424,4.1,10307,2626390,42533,2668923,fhi:git
2020-12-28,21001,778,3.6,21779,2647391,43311,2690702,fhi:git
2020-12-29,18661,696,3.6,19357,2666052,44007,2710059,fhi:git
2020-12-30,18514,639,3.3,19153,2684566,44646,2729212,fhi:git
2020-12-31,8643,434,4.8,9077,2693209,45080,2738289,fhi:git
2021-01-01,6937,345,4.7,7282,2700146,45425,2745571,fhi:git
2021-01-02,14801,525,3.4,15326,2714947,45950,2760897,fhi:git
2021-01-03,14864,444,2.9,15308,2729811,46394,2776205,fhi:git
2021-01-04,37008,937,2.5,37945,2766819,47331,2814150,fhi:git
2021-01-05,30934,788,2.5,31722,2797753,48119,2845872,fhi:git
2021-01-06,29126,708,2.4,29834,2826879,48827,2875706,fhi:git
2021-01-07,28480,735,2.5,29215,2855359,49562,2904921,fhi:git
2021-01-08,26992,650,2.4,27642,2882351,50212,2932563,fhi:git
2021-01-09,14968,414,2.7,15382,2897319,50626,2947945,fhi:git
2021-01-10,14210,435,3.0,14645,2911529,51061,2962590,fhi:git
2021-01-11,31936,638,2.0,32574,2943465,51699,2995164,fhi:git
2021-01-12,22979,562,2.4,23541,2966444,52261,3018705,fhi:git
2021-01-13,21801,461,2.1,22262,2988245,52722,3040967,fhi:git
2021-01-14,19719,454,2.3,20173,3007964,53176,3061140,fhi:git
2021-01-15,18182,397,2.1,18579,3026146,53573,3079719,fhi:git
2021-01-16,8382,267,3.1,8649,3034528,53840,3088368,fhi:git
2021-01-17,8413,226,2.6,8639,3042941,54066,3097007,fhi:git
2021-01-18,22808,446,1.9,23254,3065749,54512,3120261,fhi:git
2021-01-19,17520,342,1.9,17862,3083269,54854,3138123,fhi:git
2021-01-20,17206,354,2.0,17560,3100475,55208,3155683,fhi:git
2021-01-21,14880,345,2.3,15225,3115355,55553,3170908,fhi:git
2021-01-22,14678,330,2.2,15008,3130033,55883,3185916,fhi:git
2021-01-23,8267,213,2.5,8480,3138300,56096,3194396,fhi:git
2021-01-24,9383,189,2.0,9572,3147683,56285,3203968,fhi:git
2021-01-25,27526,386,1.4,27912,3175209,56671,3231880,fhi:git
2021-01-26,21063,276,1.3,21339,3196272,56947,3253219,fhi:git
2021-01-27,20412,344,1.7,20756,3216684,57291,3273975,fhi:git
2021-01-28,20142,285,1.4,20427,3236826,57576,3294402,fhi:git
2021-01-29,17654,295,1.6,17949,3254480,57871,3312351,fhi:git
2021-01-30,7158,175,2.4,7333,3261638,58046,3319684,fhi:git
2021-01-31,6958,182,2.5,7140,3268596,58228,3326824,fhi:git
2021-02-01,22300,318,1.4,22618,3290896,58546,3349442,fhi:git
2021-02-02,17527,293,1.6,17820,3308423,58839,3367262,fhi:git
2021-02-03,17635,325,1.8,17960,3326058,59164,3385222,fhi:git
2021-02-04,17399,253,1.4,17652,3343457,59417,3402874,fhi:git
2021-02-05,15793,288,1.8,16081,3359250,59705,3418955,fhi:git
2021-02-06,7397,198,2.6,7595,3366647,59903,3426550,fhi:git
2021-02-07,6720,167,2.4,6887,3373367,60070,3433437,fhi:git
2021-02-08,22612,301,1.3,22913,3395979,60371,3456350,fhi:git
2021-02-09,20710,270,1.3,20980,3416689,60641,3477330,fhi:git
2021-02-10,19119,310,1.6,19429,3435808,60951,3496759,fhi:git
2021-02-11,17554,262,1.5,17816,3453362,61213,3514575,fhi:git
2021-02-12,17868,247,1.4,18115,3471230,61460,3532690,fhi:git
2021-02-13,8209,184,2.2,8393,3479439,61644,3541083,fhi:git
2021-02-14,6571,160,2.4,6731,3486010,61804,3547814,fhi:git
2021-02-15,21915,332,1.5,22247,3507925,62136,3570061,fhi:git
2021-02-16,19378,305,1.5,19683,3527303,62441,3589744,fhi:git
2021-02-17,19571,320,1.6,19891,3546874,62761,3609635,fhi:git
2021-02-18,18446,301,1.6,18747,3565320,63062,3628382,fhi:git
2021-02-19,17764,338,1.9,18102,3583084,63400,3646484,fhi:git
2021-02-20,8696,215,2.4,8911,3591780,63615,3655395,fhi:git
2021-02-21,7429,221,2.9,7650,3599209,63836,3663045,fhi:git
2021-02-22,20069,410,2.0,20479,3619278,64246,3683524,fhi:git
2021-02-23,16698,445,2.6,17143,3635976,64691,3700667,fhi:git
2021-02-24,17818,461,2.5,18279,3653794,65152,3718946,fhi:git
2021-02-25,18251,526,2.8,18777,3672045,65678,3737723,fhi:git
2021-02-26,19180,493,2.5,19673,3691225,66171,3757396,fhi:git
2021-02-27,10191,381,3.6,10572,3701416,66552,3767968,fhi:git
2021-02-28,10968,391,3.4,11359,3712384,66943,3779327,fhi:git
2021-03-01,26390,551,2.0,26941,3738774,67494,3806268,fhi:git
2021-03-02,23338,637,2.7,23975,3762112,68131,3830243,fhi:git
2021-03-03,23800,659,2.7,24459,3785912,68790,3854702,fhi:git
2021-03-04,24333,601,2.4,24934,3810245,69391,3879636,fhi:git
2021-03-05,25566,703,2.7,26269,3835811,70094,3905905,fhi:git
2021-03-06,15273,465,3.0,15738,3851084,70559,3921643,fhi:git
2021-03-07,14985,572,3.7,15557,3866069,71131,3937200,fhi:git
2021-03-08,35063,846,2.4,35909,3901132,71977,3973109,fhi:git
2021-03-09,30926,799,2.5,31725,3932058,72776,4004834,fhi:git
2021-03-10,30742,853,2.7,31595,3962800,73629,4036429,fhi:git
2021-03-11,29822,782,2.6,30604,3992622,74411,4067033,fhi:git
2021-03-12,28861,950,3.2,29811,4021483,75361,4096844,fhi:git
2021-03-13,16404,736,4.3,17140,4037887,76097,4113984,fhi:git
2021-03-14,15893,698,4.2,16591,4053780,76795,4130575,fhi:git
2021-03-15,34254,1106,3.1,35360,4088034,77901,4165935,fhi:git
2021-03-16,29920,1006,3.3,30926,4117954,78907,4196861,fhi:git
2021-03-17,31721,1058,3.2,32779,4149675,79965,4229640,fhi:git
2021-03-18,30706,1044,3.3,31750,4180381,81009,4261390,fhi:git
2021-03-19,29056,1000,3.3,30056,4209437,82009,4291446,fhi:git
2021-03-20,16521,710,4.1,17231,4225958,82719,4308677,fhi:git
2021-03-21,14943,649,4.2,15592,4240901,83368,4324269,fhi:git
2021-03-22,35839,1107,3.0,36946,4276740,84475,4361215,fhi:git
2021-03-23,31965,966,2.9,32931,4308705,85441,4394146,fhi:git
2021-03-24,33754,1001,2.9,34755,4342459,86442,4428901,fhi:git
2021-03-25,32518,871,2.6,33389,4374977,87313,4462290,fhi:git
2021-03-26,32118,895,2.7,33013,4407095,88208,4495303,fhi:git
2021-03-27,17197,602,3.4,17799,4424292,88810,4513102,fhi:git
2021-03-28,13637,477,3.4,14114,4437929,89287,4527216,fhi:git
2021-03-29,29419,863,2.8,30282,4467348,90150,4557498,fhi:git
2021-03-30,20973,849,3.9,21822,4488321,90999,4579320,fhi:git
2021-03-31,17597,805,4.4,18402,4505918,91804,4597722,fhi:git
2021-04-01,9918,624,5.9,10542,4515836,92428,4608264,fhi:git
2021-04-02,10628,699,6.2,11327,4526464,93127,4619591,fhi:git
2021-04-03,10273,612,5.6,10885,4536737,93739,4630476,fhi:git
2021-04-04,10721,652,5.7,11373,4547458,94391,4641849,fhi:git
2021-04-05,16000,716,4.3,16716,4563458,95107,4658565,fhi:git
2021-04-06,30450,888,2.8,31338,4593908,95995,4689903,fhi:git
2021-04-07,25321,847,3.2,26168,4619229,96842,4716071,fhi:git
2021-04-08,22334,768,3.3,23102,4641563,97610,4739173,fhi:git
2021-04-09,23380,712,3.0,24092,4664943,98322,4763265,fhi:git
2021-04-10,12632,496,3.8,13128,4677575,98818,4776393,fhi:git
2021-04-11,10752,395,3.5,11147,4688327,99213,4787540,fhi:git
2021-04-12,26991,738,2.7,27729,4715318,99951,4815269,fhi:git
2021-04-13,20964,592,2.7,21556,4736282,100543,4836825,fhi:git
2021-04-14,21342,601,2.7,21943,4757624,101144,4858768,fhi:git
2021-04-15,19175,549,2.8,19724,4776799,101693,4878492,fhi:git
2021-04-16,17684,579,3.2,18263,4794483,102272,4896755,fhi:git
2021-04-17,9167,330,3.5,9497,4803650,102602,4906252,fhi:git
2021-04-18,8598,345,3.9,8943,4812248,102947,4915195,fhi:git
2021-04-19,22190,575,2.5,22765,4834438,103522,4937960,fhi:git
2021-04-20,18373,532,2.8,18905,4852811,104054,4956865,fhi:git
2021-04-21,19123,536,2.7,19659,4871934,104590,4976524,fhi:git
2021-04-22,19133,463,2.4,19596,4891067,105053,4996120,fhi:git
2021-04-23,20239,509,2.5,20748,4911306,105562,5016868,fhi:git
2021-04-24,9584,287,2.9,9871,4920890,105849,5026739,fhi:git
2021-04-25,9269,317,3.3,9586,4930159,106166,5036325,fhi:git
2021-04-26,24320,502,2.0,24822,4954479,106668,5061147,fhi:git
2021-04-27,20969,481,2.2,21450,4975448,107149,5082597,fhi:git
2021-04-28,20656,419,2.0,21075,4996104,107568,5103672,fhi:git
2021-04-29,19246,414,2.1,19660,5015350,107982,5123332,fhi:git
2021-04-30,18611,441,2.3,19052,5033961,108423,5142384,fhi:git
2021-05-01,8245,251,3.0,8496,5042206,108674,5150880,fhi:git
2021-05-02,9371,296,3.1,9667,5051577,108970,5160547,fhi:git
2021-05-03,24354,511,2.1,24865,5075931,109481,5185412,fhi:git
2021-05-04,21471,463,2.1,21934,5097402,109944,5207346,fhi:git
2021-05-05,22261,494,2.2,22755,5119663,110438,5230101,fhi:git
2021-05-06,19910,509,2.5,20419,5139573,110947,5250520,fhi:git
2021-05-07,18681,438,2.3,19119,5158254,111385,5269639,fhi:git
2021-05-08,9325,352,3.6,9677,5167579,111737,5279316,fhi:git
2021-05-09,10536,351,3.2,10887,5178115,112088,5290203,fhi:git
2021-05-10,25470,523,2.0,25993,5203585,112611,5316196,fhi:git
2021-05-11,21143,427,2.0,21570,5224728,113038,5337766,fhi:git
2021-05-12,18842,379,2.0,19221,5243570,113417,5356987,fhi:git
2021-05-13,11633,298,2.5,11931,5255203,113715,5368918,fhi:git
2021-05-14,17551,415,2.3,17966,5272754,114130,5386884,fhi:git
2021-05-15,9701,240,2.4,9941,5282455,114370,5396825,fhi:git
2021-05-16,9132,278,3.0,9410,5291587,114648,5406235,fhi:git
2021-05-17,5516,183,3.2,5699,5297103,114831,5411934,fhi:git
2021-05-18,26415,542,2.0,26957,5323518,115373,5438891,fhi:git
2021-05-19,25873,541,2.0,26414,5349391,115914,5465305,fhi:git
2021-05-20,25709,603,2.3,26312,5375100,116517,5491617,fhi:git
2021-05-21,25837,668,2.5,26505,5400937,117185,5518122,fhi:git
2021-05-22,13126,352,2.6,13478,5414063,117537,5531600,fhi:git
2021-05-23,13289,338,2.5,13627,5427352,117875,5545227,fhi:git
2021-05-24,16317,383,2.3,16700,5443669,118258,5561927,fhi:git
2021-05-25,28545,427,1.5,28972,5472214,118685,5590899,fhi:git
2021-05-26,23638,363,1.5,24001,5495852,119048,5614900,fhi:git
2021-05-27,19967,383,1.9,20350,5515819,119431,5635250,fhi:git
2021-05-28,19442,347,1.8,19789,5535261,119778,5655039,fhi:git
2021-05-29,8646,199,2.2,8845,5543907,119977,5663884,fhi:git
2021-05-30,9394,185,1.9,9579,5553301,120162,5673463,fhi:git
2021-05-31,23145,344,1.5,23489,5576446,120506,5696952,fhi:git
2021-06-01,19354,386,2.0,19740,5595800,120892,5716692,fhi:git
2021-06-02,20916,293,1.4,21209,5616716,121185,5737901,fhi:git
2021-06-03,19365,282,1.4,19647,5636081,121467,5757548,fhi:git
2021-06-04,16967,262,1.5,17229,5653048,121729,5774777,fhi:git
2021-06-05,7778,145,1.8,7923,5660826,121874,5782700,fhi:git
2021-06-06,7796,150,1.9,7946,5668622,122024,5790646,fhi:git
2021-06-07,20874,203,1.0,21077,5689496,122227,5811723,fhi:git
2021-06-08,16887,215,1.3,17102,5706383,122442,5828825,fhi:git
2021-06-09,17011,207,1.2,17218,5723394,122649,5846043,fhi:git
2021-06-10,16664,202,1.2,16866,5740058,122851,5862909,fhi:git
2021-06-11,16234,154,0.9,16388,5756292,123005,5879297,fhi:git
2021-06-12,7881,129,1.6,8010,5764173,123134,5887307,fhi:git
2021-06-13,7968,111,1.4,8079,5772141,123245,5895386,fhi:git
2021-06-14,21517,207,1.0,21724,5793658,123452,5917110,fhi:git
2021-06-15,17781,194,1.1,17975,5811439,123646,5935085,fhi:git
2021-06-16,17780,215,1.2,17995,5829219,123861,5953080,fhi:git
2021-06-17,17438,197,1.1,17635,5846657,124058,5970715,fhi:git
2021-06-18,16308,172,1.0,16480,5862965,124230,5987195,fhi:git
2021-06-19,9319,153,1.6,9472,5872284,124383,5996667,fhi:git
2021-06-20,8574,115,1.3,8689,5880858,124498,6005356,fhi:git
2021-06-21,19473,205,1.0,19678,5900331,124703,6025034,fhi:git
2021-06-22,16064,266,1.6,16330,5916395,124969,6041364,fhi:git
2021-06-23,16429,240,1.4,16669,5932824,125209,6058033,fhi:git
2021-06-24,16806,174,1.0,16980,5949630,125383,6075013,fhi:git
2021-06-25,16142,175,1.1,16317,5965772,125558,6091330,fhi:git
2021-06-26,7666,106,1.4,7772,5973438,125664,6099102,fhi:git
2021-06-27,8066,107,1.3,8173,5981504,125771,6107275,fhi:git
2021-06-28,19535,226,1.1,19761,6001039,125997,6127036,fhi:git
2021-06-29,15948,213,1.3,16161,6016987,126210,6143197,fhi:git
2021-06-30,17986,260,1.4,18246,6034973,126470,6161443,fhi:git
2021-07-01,17653,196,1.1,17849,6052626,126666,6179292,fhi:git
2021-07-02,15822,186,1.2,16008,6068448,126852,6195300,fhi:git
2021-07-03,7923,99,1.2,8022,6076371,126951,6203322,fhi:git
2021-07-04,7877,123,1.5,8000,6084248,127074,6211322,fhi:git
2021-07-05,17448,207,1.2,17655,6101696,127281,6228977,fhi:git
2021-07-06,13967,200,1.4,14167,6115663,127481,6243144,fhi:git
2021-07-07,15821,203,1.3,16024,6131484,127684,6259168,fhi:git
2021-07-08,16260,182,1.1,16442,6147744,127866,6275610,fhi:git
2021-07-09,14390,175,1.2,14565,6162134,128041,6290175,fhi:git
2021-07-10,7135,108,1.5,7243,6169269,128149,6297418,fhi:git
2021-07-11,6728,101,1.5,6829,6175997,128250,6304247,fhi:git
2021-07-12,14359,187,1.3,14546,6190356,128437,6318793,fhi:git
2021-07-13,11978,145,1.2,12123,6202334,128582,6330916,fhi:git
2021-07-14,12605,183,1.4,12788,6214939,128765,6343704,fhi:git
2021-07-15,12346,186,1.5,12532,6227285,128951,6356236,fhi:git
2021-07-16,11632,221,1.9,11853,6238917,129172,6368089,fhi:git
2021-07-17,6521,110,1.7,6631,6245438,129282,6374720,fhi:git
2021-07-18,6778,141,2.0,6919,6252216,129423,6381639,fhi:git
2021-07-19,14157,226,1.6,14383,6266373,129649,6396022,fhi:git
2021-07-20,11655,174,1.5,11829,6278028,129823,6407851,fhi:git
2021-07-21,12499,260,2.0,12759,6290527,130083,6420610,fhi:git
2021-07-22,13091,214,1.6,13305,6303618,130297,6433915,fhi:git
2021-07-23,12429,249,2.0,12678,6316047,130546,6446593,fhi:git
2021-07-24,7380,175,2.3,7555,6323427,130721,6454148,fhi:git
2021-07-25,7361,198,2.6,7559,6330788,130919,6461707,fhi:git
2021-07-26,16068,313,1.9,16381,6346856,131232,6478088,fhi:git
2021-07-27,14642,347,2.3,14989,6361498,131579,6493077,fhi:git
2021-07-28,15288,414,2.6,15702,6376786,131993,6508779,fhi:git
2021-07-29,14958,344,2.2,15302,6391744,132337,6524081,fhi:git
2021-07-30,15601,351,2.2,15952,6407345,132688,6540033,fhi:git
2021-07-31,9425,246,2.5,9671,6416770,132934,6549704,fhi:git
2021-08-01,8848,236,2.6,9084,6425618,133170,6558788,fhi:git
2021-08-02,18605,456,2.4,19061,6444223,133626,6577849,fhi:git
2021-08-03,16412,441,2.6,16853,6460635,134067,6594702,fhi:git
2021-08-04,17094,461,2.6,17555,6477729,134528,6612257,fhi:git
2021-08-05,5498,143,2.5,5641,6483227,134671,6617898,fhi:git
