date,new_neg,new_pos,pr100_pos,new_total,total_neg,total_pos,total,source
2020-04-01,3736,198,5.0,3934,3736,198,3934,fhi:git
2020-04-02,3361,198,5.6,3559,7097,396,7493,fhi:git
2020-04-03,3394,164,4.6,3558,10491,560,11051,fhi:git
2020-04-04,1301,88,6.3,1389,11792,648,12440,fhi:git
2020-04-05,1048,72,6.4,1120,12840,720,13560,fhi:git
2020-04-06,3369,159,4.5,3528,16209,879,17088,fhi:git
2020-04-07,2837,140,4.7,2977,19046,1019,20065,fhi:git
2020-04-08,2162,106,4.7,2268,21208,1125,22333,fhi:git
2020-04-09,1229,103,7.7,1332,22437,1228,23665,fhi:git
2020-04-10,1295,68,5.0,1363,23732,1296,25028,fhi:git
2020-04-11,1314,110,7.7,1424,25046,1406,26452,fhi:git
2020-04-12,1171,77,6.2,1248,26217,1483,27700,fhi:git
2020-04-13,1243,77,5.8,1320,27460,1560,29020,fhi:git
2020-04-14,3243,122,3.6,3365,30703,1682,32385,fhi:git
2020-04-15,3330,103,3.0,3433,34033,1785,35818,fhi:git
2020-04-16,3030,80,2.6,3110,37063,1865,38928,fhi:git
2020-04-17,3023,108,3.4,3131,40086,1973,42059,fhi:git
2020-04-18,1127,49,4.2,1176,41213,2022,43235,fhi:git
2020-04-19,1108,36,3.1,1144,42321,2058,44379,fhi:git
2020-04-20,3691,84,2.2,3775,46012,2142,48154,fhi:git
2020-04-21,3507,78,2.2,3585,49519,2220,51739,fhi:git
2020-04-22,3270,77,2.3,3347,52789,2297,55086,fhi:git
2020-04-23,2902,69,2.3,2971,55691,2366,58057,fhi:git
2020-04-24,3232,53,1.6,3285,58923,2419,61342,fhi:git
2020-04-25,1109,25,2.2,1134,60032,2444,62476,fhi:git
2020-04-26,939,37,3.8,976,60971,2481,63452,fhi:git
2020-04-27,4033,71,1.7,4104,65004,2552,67556,fhi:git
2020-04-28,4065,50,1.2,4115,69069,2602,71671,fhi:git
2020-04-29,3918,39,1.0,3957,72987,2641,75628,fhi:git
2020-04-30,4400,39,0.9,4439,77387,2680,80067,fhi:git
2020-05-01,1467,43,2.8,1510,78854,2723,81577,fhi:git
2020-05-02,1531,23,1.5,1554,80385,2746,83131,fhi:git
2020-05-03,1220,44,3.5,1264,81605,2790,84395,fhi:git
2020-05-04,4687,45,1.0,4732,86292,2835,89127,fhi:git
2020-05-05,4274,44,1.0,4318,90566,2879,93445,fhi:git
2020-05-06,4246,39,0.9,4285,94812,2918,97730,fhi:git
2020-05-07,3722,29,0.8,3751,98534,2947,101481,fhi:git
2020-05-08,3762,42,1.1,3804,102296,2989,105285,fhi:git
2020-05-09,1293,11,0.8,1304,103589,3000,106589,fhi:git
2020-05-10,993,12,1.2,1005,104582,3012,107594,fhi:git
2020-05-11,4380,25,0.6,4405,108962,3037,111999,fhi:git
2020-05-12,4780,19,0.4,4799,113742,3056,116798,fhi:git
2020-05-13,4453,19,0.4,4472,118195,3075,121270,fhi:git
2020-05-14,4183,24,0.6,4207,122378,3099,125477,fhi:git
2020-05-15,4156,23,0.6,4179,126534,3122,129656,fhi:git
2020-05-16,1301,13,1.0,1314,127835,3135,130970,fhi:git
2020-05-17,664,4,0.6,668,128499,3139,131638,fhi:git
2020-05-18,4396,17,0.4,4413,132895,3156,136051,fhi:git
2020-05-19,4644,20,0.4,4664,137539,3176,140715,fhi:git
2020-05-20,3936,19,0.5,3955,141475,3195,144670,fhi:git
2020-05-21,1136,14,1.2,1150,142611,3209,145820,fhi:git
2020-05-22,3322,26,0.8,3348,145933,3235,149168,fhi:git
2020-05-23,1036,6,0.6,1042,146969,3241,150210,fhi:git
2020-05-24,895,6,0.7,901,147864,3247,151111,fhi:git
2020-05-25,4058,18,0.4,4076,151922,3265,155187,fhi:git
2020-05-26,3446,12,0.3,3458,155368,3277,158645,fhi:git
2020-05-27,3272,18,0.5,3290,158640,3295,161935,fhi:git
2020-05-28,2771,16,0.6,2787,161411,3311,164722,fhi:git
2020-05-29,2579,16,0.6,2595,163990,3327,167317,fhi:git
2020-05-30,0,0,0.0,0,163990,3327,167317,fhi:git
2020-05-31,630,6,0.9,636,164620,3333,167953,fhi:git
2020-06-01,739,7,0.9,746,165359,3340,168699,fhi:git
2020-06-02,3819,31,0.8,3850,169178,3371,172549,fhi:git
2020-06-03,3127,12,0.4,3139,172305,3383,175688,fhi:git
2020-06-04,2913,17,0.6,2930,175218,3400,178618,fhi:git
2020-06-05,2905,30,1.0,2935,178123,3430,181553,fhi:git
2020-06-06,944,8,0.8,952,179067,3438,182505,fhi:git
2020-06-07,940,9,0.9,949,180007,3447,183454,fhi:git
2020-06-08,5736,19,0.3,5755,185743,3466,189209,fhi:git
2020-06-09,5649,13,0.2,5662,191392,3479,194871,fhi:git
2020-06-10,4548,14,0.3,4562,195940,3493,199433,fhi:git
2020-06-11,4858,11,0.2,4869,200798,3504,204302,fhi:git
2020-06-12,4622,13,0.3,4635,205420,3517,208937,fhi:git
2020-06-13,1242,7,0.6,1249,206662,3524,210186,fhi:git
2020-06-14,1129,6,0.5,1135,207791,3530,211321,fhi:git
2020-06-15,5837,18,0.3,5855,213628,3548,217176,fhi:git
2020-06-16,5417,36,0.7,5453,219045,3584,222629,fhi:git
2020-06-17,4970,15,0.3,4985,224015,3599,227614,fhi:git
2020-06-18,4552,13,0.3,4565,228567,3612,232179,fhi:git
2020-06-19,3797,18,0.5,3815,232364,3630,235994,fhi:git
2020-06-20,1059,6,0.6,1065,233423,3636,237059,fhi:git
2020-06-21,1030,4,0.4,1034,234453,3640,238093,fhi:git
2020-06-22,5010,28,0.6,5038,239463,3668,243131,fhi:git
2020-06-23,4653,13,0.3,4666,244116,3681,247797,fhi:git
2020-06-24,4615,21,0.5,4636,248731,3702,252433,fhi:git
2020-06-25,4163,17,0.4,4180,252894,3719,256613,fhi:git
2020-06-26,3913,22,0.6,3935,256807,3741,260548,fhi:git
2020-06-27,1106,10,0.9,1116,257913,3751,261664,fhi:git
2020-06-28,992,1,0.1,993,258905,3752,262657,fhi:git
2020-06-29,5922,26,0.4,5948,264827,3778,268605,fhi:git
2020-06-30,5021,11,0.2,5032,269848,3789,273637,fhi:git
2020-07-01,5116,8,0.2,5124,274964,3797,278761,fhi:git
2020-07-02,4740,9,0.2,4749,279704,3806,283510,fhi:git
2020-07-03,4533,10,0.2,4543,284237,3816,288053,fhi:git
2020-07-04,1428,2,0.1,1430,285665,3818,289483,fhi:git
2020-07-05,1198,1,0.1,1199,286863,3819,290682,fhi:git
2020-07-06,6314,14,0.2,6328,293177,3833,297010,fhi:git
2020-07-07,5341,10,0.2,5351,298518,3843,302361,fhi:git
2020-07-08,5296,11,0.2,5307,303814,3854,307668,fhi:git
2020-07-09,4811,8,0.2,4819,308625,3862,312487,fhi:git
2020-07-10,4690,13,0.3,4703,313315,3875,317190,fhi:git
2020-07-11,1393,4,0.3,1397,314708,3879,318587,fhi:git
2020-07-12,1196,5,0.4,1201,315904,3884,319788,fhi:git
2020-07-13,6358,19,0.3,6377,322262,3903,326165,fhi:git
2020-07-14,5260,8,0.2,5268,327522,3911,331433,fhi:git
2020-07-15,5403,6,0.1,5409,332925,3917,336842,fhi:git
2020-07-16,4558,4,0.1,4562,337483,3921,341404,fhi:git
2020-07-17,4135,12,0.3,4147,341618,3933,345551,fhi:git
2020-07-18,1420,1,0.1,1421,343038,3934,346972,fhi:git
2020-07-19,1347,3,0.2,1350,344385,3937,348322,fhi:git
2020-07-20,6003,21,0.3,6024,350388,3958,354346,fhi:git
2020-07-21,4819,6,0.1,4825,355207,3964,359171,fhi:git
2020-07-22,4908,22,0.4,4930,360115,3986,364101,fhi:git
2020-07-23,4479,6,0.1,4485,364594,3992,368586,fhi:git
2020-07-24,4501,24,0.5,4525,369095,4016,373111,fhi:git
2020-07-25,1703,6,0.4,1709,370798,4022,374820,fhi:git
2020-07-26,1464,9,0.6,1473,372262,4031,376293,fhi:git
2020-07-27,6860,24,0.3,6884,379122,4055,383177,fhi:git
2020-07-28,5880,16,0.3,5896,385002,4071,389073,fhi:git
2020-07-29,5860,37,0.6,5897,390862,4108,394970,fhi:git
2020-07-30,5545,23,0.4,5568,396407,4131,400538,fhi:git
2020-07-31,5396,72,1.3,5468,401803,4203,406006,fhi:git
2020-08-01,2100,14,0.7,2114,403903,4217,408120,fhi:git
2020-08-02,1892,13,0.7,1905,405795,4230,410025,fhi:git
2020-08-03,9290,38,0.4,9328,415085,4268,419353,fhi:git
2020-08-04,8406,40,0.5,8446,423491,4308,427799,fhi:git
2020-08-05,8699,66,0.8,8765,432190,4374,436564,fhi:git
2020-08-06,8616,79,0.9,8695,440806,4453,445259,fhi:git
2020-08-07,8367,80,0.9,8447,449173,4533,453706,fhi:git
2020-08-08,3266,35,1.1,3301,452439,4568,457007,fhi:git
2020-08-09,3140,34,1.1,3174,455579,4602,460181,fhi:git
2020-08-10,13445,63,0.5,13508,469024,4665,473689,fhi:git
2020-08-11,12934,43,0.3,12977,481958,4708,486666,fhi:git
2020-08-12,13386,63,0.5,13449,495344,4771,500115,fhi:git
2020-08-13,13223,54,0.4,13277,508567,4825,513392,fhi:git
2020-08-14,13713,76,0.6,13789,522280,4901,527181,fhi:git
2020-08-15,5995,44,0.7,6039,528275,4945,533220,fhi:git
2020-08-16,5274,27,0.5,5301,533549,4972,538521,fhi:git
2020-08-17,18207,74,0.4,18281,551756,5046,556802,fhi:git
2020-08-18,16937,58,0.3,16995,568693,5104,573797,fhi:git
2020-08-19,16480,60,0.4,16540,585173,5164,590337,fhi:git
2020-08-20,15623,51,0.3,15674,600796,5215,606011,fhi:git
2020-08-21,15223,53,0.3,15276,616019,5268,621287,fhi:git
2020-08-22,6773,45,0.7,6818,622792,5313,628105,fhi:git
2020-08-23,6948,19,0.3,6967,629740,5332,635072,fhi:git
2020-08-24,21132,67,0.3,21199,650872,5399,656271,fhi:git
2020-08-25,19356,42,0.2,19398,670228,5441,675669,fhi:git
2020-08-26,18827,40,0.2,18867,689055,5481,694536,fhi:git
2020-08-27,17296,52,0.3,17348,706351,5533,711884,fhi:git
2020-08-28,16420,84,0.5,16504,722771,5617,728388,fhi:git
2020-08-29,6357,42,0.7,6399,729128,5659,734787,fhi:git
2020-08-30,6748,50,0.7,6798,735876,5709,741585,fhi:git
2020-08-31,22596,148,0.7,22744,758472,5857,764329,fhi:git
2020-09-01,20336,115,0.6,20451,778808,5972,784780,fhi:git
2020-09-02,19101,101,0.5,19202,797909,6073,803982,fhi:git
2020-09-03,17624,125,0.7,17749,815533,6198,821731,fhi:git
2020-09-04,15489,119,0.8,15608,831022,6317,837339,fhi:git
2020-09-05,5949,73,1.2,6022,836971,6390,843361,fhi:git
2020-09-06,6372,60,0.9,6432,843343,6450,849793,fhi:git
2020-09-07,20908,132,0.6,21040,864251,6582,870833,fhi:git
2020-09-08,18772,113,0.6,18885,883023,6695,889718,fhi:git
2020-09-09,17834,124,0.7,17958,900857,6819,907676,fhi:git
2020-09-10,15570,132,0.8,15702,916427,6951,923378,fhi:git
2020-09-11,14875,119,0.8,14994,931302,7070,938372,fhi:git
2020-09-12,7049,67,0.9,7116,938351,7137,945488,fhi:git
2020-09-13,6697,78,1.2,6775,945048,7215,952263,fhi:git
2020-09-14,21444,104,0.5,21548,966492,7319,973811,fhi:git
2020-09-15,18887,133,0.7,19020,985379,7452,992831,fhi:git
2020-09-16,17569,137,0.8,17706,1002948,7589,1010537,fhi:git
2020-09-17,15176,117,0.8,15293,1018124,7706,1025830,fhi:git
2020-09-18,14062,94,0.7,14156,1032186,7800,1039986,fhi:git
2020-09-19,5788,58,1.0,5846,1037974,7858,1045832,fhi:git
2020-09-20,5746,77,1.3,5823,1043720,7935,1051655,fhi:git
2020-09-21,20660,163,0.8,20823,1064380,8098,1072478,fhi:git
2020-09-22,16713,101,0.6,16814,1081093,8199,1089292,fhi:git
2020-09-23,16242,143,0.9,16385,1097335,8342,1105677,fhi:git
2020-09-24,14367,133,0.9,14500,1111702,8475,1120177,fhi:git
2020-09-25,13780,130,0.9,13910,1125482,8605,1134087,fhi:git
2020-09-26,5981,63,1.0,6044,1131463,8668,1140131,fhi:git
2020-09-27,5935,54,0.9,5989,1137398,8722,1146120,fhi:git
2020-09-28,19133,124,0.6,19257,1156531,8846,1165377,fhi:git
2020-09-29,15429,110,0.7,15539,1171960,8956,1180916,fhi:git
2020-09-30,14880,120,0.8,15000,1186840,9076,1195916,fhi:git
2020-10-01,12824,131,1.0,12955,1199664,9207,1208871,fhi:git
2020-10-02,13067,134,1.0,13201,1212731,9341,1222072,fhi:git
2020-10-03,5723,110,1.9,5833,1218454,9451,1227905,fhi:git
2020-10-04,5951,89,1.5,6040,1224405,9540,1233945,fhi:git
2020-10-05,19146,209,1.1,19355,1243551,9749,1253300,fhi:git
2020-10-06,14819,198,1.3,15017,1258370,9947,1268317,fhi:git
2020-10-07,14171,199,1.4,14370,1272541,10146,1282687,fhi:git
2020-10-08,12967,168,1.3,13135,1285508,10314,1295822,fhi:git
2020-10-09,12682,141,1.1,12823,1298190,10455,1308645,fhi:git
2020-10-10,5864,65,1.1,5929,1304054,10520,1314574,fhi:git
2020-10-11,6411,78,1.2,6489,1310465,10598,1321063,fhi:git
2020-10-12,19759,167,0.8,19926,1330224,10765,1340989,fhi:git
2020-10-13,15681,155,1.0,15836,1345905,10920,1356825,fhi:git
2020-10-14,15179,162,1.1,15341,1361084,11082,1372166,fhi:git
2020-10-15,13713,141,1.0,13854,1374797,11223,1386020,fhi:git
2020-10-16,13008,137,1.0,13145,1387805,11360,1399165,fhi:git
2020-10-17,5885,88,1.5,5973,1393690,11448,1405138,fhi:git
2020-10-18,6348,93,1.4,6441,1400038,11541,1411579,fhi:git
2020-10-19,20536,219,1.1,20755,1420574,11760,1432334,fhi:git
2020-10-20,16894,183,1.1,17077,1437468,11943,1449411,fhi:git
2020-10-21,16046,221,1.4,16267,1453514,12164,1465678,fhi:git
2020-10-22,15380,285,1.8,15665,1468894,12449,1481343,fhi:git
2020-10-23,15122,368,2.4,15490,1484016,12817,1496833,fhi:git
2020-10-24,7300,231,3.1,7531,1491316,13048,1504364,fhi:git
2020-10-25,7636,202,2.6,7838,1498952,13250,1512202,fhi:git
2020-10-26,23166,487,2.1,23653,1522118,13737,1535855,fhi:git
2020-10-27,20683,391,1.9,21074,1542801,14128,1556929,fhi:git
2020-10-28,20850,515,2.4,21365,1563651,14643,1578294,fhi:git
2020-10-29,20664,431,2.0,21095,1584315,15074,1599389,fhi:git
2020-10-30,20073,617,3.0,20690,1604388,15691,1620079,fhi:git
2020-10-31,9258,385,4.0,9643,1613646,16076,1629722,fhi:git
2020-11-01,9428,323,3.3,9751,1623074,16399,1639473,fhi:git
2020-11-02,27396,647,2.3,28043,1650470,17046,1667516,fhi:git
2020-11-03,26651,683,2.5,27334,1677121,17729,1694850,fhi:git
2020-11-04,25188,690,2.7,25878,1702309,18419,1720728,fhi:git
2020-11-05,27292,602,2.2,27894,1729601,19021,1748622,fhi:git
2020-11-06,26732,650,2.4,27382,1756333,19671,1776004,fhi:git
2020-11-07,12178,388,3.1,12566,1768511,20059,1788570,fhi:git
2020-11-08,11366,385,3.3,11751,1779877,20444,1800321,fhi:git
2020-11-09,30461,707,2.3,31168,1810338,21151,1831489,fhi:git
2020-11-10,25129,603,2.3,25732,1835467,21754,1857221,fhi:git
2020-11-11,23201,662,2.8,23863,1858668,22416,1881084,fhi:git
2020-11-12,23054,637,2.7,23691,1881722,23053,1904775,fhi:git
2020-11-13,21475,697,3.1,22172,1903197,23750,1926947,fhi:git
2020-11-14,9537,379,3.8,9916,1912734,24129,1936863,fhi:git
2020-11-15,10556,405,3.7,10961,1923290,24534,1947824,fhi:git
2020-11-16,27828,722,2.5,28550,1951118,25256,1976374,fhi:git
2020-11-17,21198,635,2.9,21833,1972316,25891,1998207,fhi:git
2020-11-18,20974,652,3.0,21626,1993290,26543,2019833,fhi:git
2020-11-19,18825,564,2.9,19389,2012115,27107,2039222,fhi:git
2020-11-20,17626,519,2.9,18145,2029741,27626,2057367,fhi:git
2020-11-21,8011,288,3.5,8299,2037752,27914,2065666,fhi:git
2020-11-22,8087,279,3.3,8366,2045839,28193,2074032,fhi:git
2020-11-23,25193,610,2.4,25803,2071032,28803,2099835,fhi:git
2020-11-24,19120,415,2.1,19535,2090152,29218,2119370,fhi:git
2020-11-25,18929,513,2.6,19442,2109081,29731,2138812,fhi:git
2020-11-26,18134,477,2.6,18611,2127215,30208,2157423,fhi:git
2020-11-27,15500,447,2.8,15947,2142715,30655,2173370,fhi:git
2020-11-28,6783,236,3.4,7019,2149498,30891,2180389,fhi:git
2020-11-29,6884,228,3.2,7112,2156382,31119,2187501,fhi:git
2020-11-30,22584,448,1.9,23032,2178966,31567,2210533,fhi:git
2020-12-01,18021,362,2.0,18383,2196987,31929,2228916,fhi:git
2020-12-02,17251,420,2.4,17671,2214238,32349,2246587,fhi:git
2020-12-03,17186,400,2.3,17586,2231424,32749,2264173,fhi:git
2020-12-04,15321,382,2.4,15703,2246745,33131,2279876,fhi:git
2020-12-05,6557,252,3.7,6809,2253302,33383,2286685,fhi:git
2020-12-06,7102,262,3.6,7364,2260404,33645,2294049,fhi:git
2020-12-07,23210,500,2.1,23710,2283614,34145,2317759,fhi:git
2020-12-08,18658,392,2.1,19050,2302272,34537,2336809,fhi:git
2020-12-09,18475,453,2.4,18928,2320747,34990,2355737,fhi:git
2020-12-10,18893,435,2.3,19328,2339640,35425,2375065,fhi:git
2020-12-11,17416,403,2.3,17819,2357056,35828,2392884,fhi:git
2020-12-12,8723,256,2.9,8979,2365779,36084,2401863,fhi:git
2020-12-13,8856,285,3.1,9141,2374635,36369,2411004,fhi:git
2020-12-14,25583,544,2.1,26127,2400218,36913,2437131,fhi:git
2020-12-15,22177,440,1.9,22617,2422395,37353,2459748,fhi:git
2020-12-16,22686,450,1.9,23136,2445081,37803,2482884,fhi:git
2020-12-17,23535,431,1.8,23966,2468616,38234,2506850,fhi:git
2020-12-18,23802,475,2.0,24277,2492418,38709,2531127,fhi:git
2020-12-19,13004,309,2.3,13313,2505422,39018,2544440,fhi:git
2020-12-20,12422,299,2.4,12721,2517844,39317,2557161,fhi:git
2020-12-21,31224,621,2.0,31845,2549068,39938,2589006,fhi:git
2020-12-22,25994,560,2.1,26554,2575062,40498,2615560,fhi:git
2020-12-23,17761,587,3.2,18348,2592823,41085,2633908,fhi:git
2020-12-24,5797,292,4.8,6089,2598620,41377,2639997,fhi:git
2020-12-25,6305,293,4.4,6598,2604925,41670,2646595,fhi:git
2020-12-26,10472,466,4.3,10938,2615397,42136,2657533,fhi:git
2020-12-27,9891,425,4.1,10316,2625288,42561,2667849,fhi:git
2020-12-28,21000,778,3.6,21778,2646288,43339,2689627,fhi:git
2020-12-29,18633,699,3.6,19332,2664921,44038,2708959,fhi:git
2020-12-30,18463,639,3.3,19102,2683384,44677,2728061,fhi:git
2020-12-31,8632,434,4.8,9066,2692016,45111,2737127,fhi:git
2021-01-01,6922,346,4.8,7268,2698938,45457,2744395,fhi:git
2021-01-02,14824,526,3.4,15350,2713762,45983,2759745,fhi:git
2021-01-03,14863,447,2.9,15310,2728625,46430,2775055,fhi:git
2021-01-04,37014,938,2.5,37952,2765639,47368,2813007,fhi:git
2021-01-05,30901,795,2.5,31696,2796540,48163,2844703,fhi:git
2021-01-06,29110,710,2.4,29820,2825650,48873,2874523,fhi:git
2021-01-07,28478,739,2.5,29217,2854128,49612,2903740,fhi:git
2021-01-08,26988,651,2.4,27639,2881116,50263,2931379,fhi:git
2021-01-09,14980,414,2.7,15394,2896096,50677,2946773,fhi:git
2021-01-10,14242,435,3.0,14677,2910338,51112,2961450,fhi:git
2021-01-11,31977,639,2.0,32616,2942315,51751,2994066,fhi:git
2021-01-12,22964,563,2.4,23527,2965279,52314,3017593,fhi:git
2021-01-13,21799,462,2.1,22261,2987078,52776,3039854,fhi:git
2021-01-14,19752,454,2.2,20206,3006830,53230,3060060,fhi:git
2021-01-15,18200,398,2.1,18598,3025030,53628,3078658,fhi:git
2021-01-16,8402,267,3.1,8669,3033432,53895,3087327,fhi:git
2021-01-17,8424,226,2.6,8650,3041856,54121,3095977,fhi:git
2021-01-18,22875,446,1.9,23321,3064731,54567,3119298,fhi:git
2021-01-19,17512,342,1.9,17854,3082243,54909,3137152,fhi:git
2021-01-20,17211,355,2.0,17566,3099454,55264,3154718,fhi:git
2021-01-21,14904,347,2.3,15251,3114358,55611,3169969,fhi:git
2021-01-22,14746,331,2.2,15077,3129104,55942,3185046,fhi:git
2021-01-23,8278,212,2.5,8490,3137382,56154,3193536,fhi:git
2021-01-24,9391,189,2.0,9580,3146773,56343,3203116,fhi:git
2021-01-25,27557,387,1.4,27944,3174330,56730,3231060,fhi:git
2021-01-26,21071,276,1.3,21347,3195401,57006,3252407,fhi:git
2021-01-27,20405,344,1.7,20749,3215806,57350,3273156,fhi:git
2021-01-28,20153,285,1.4,20438,3235959,57635,3293594,fhi:git
2021-01-29,17653,295,1.6,17948,3253612,57930,3311542,fhi:git
2021-01-30,7139,175,2.4,7314,3260751,58105,3318856,fhi:git
2021-01-31,6954,183,2.6,7137,3267705,58288,3325993,fhi:git
2021-02-01,22310,319,1.4,22629,3290015,58607,3348622,fhi:git
2021-02-02,17522,294,1.7,17816,3307537,58901,3366438,fhi:git
2021-02-03,17634,325,1.8,17959,3325171,59226,3384397,fhi:git
2021-02-04,17378,253,1.4,17631,3342549,59479,3402028,fhi:git
2021-02-05,15785,288,1.8,16073,3358334,59767,3418101,fhi:git
2021-02-06,7395,198,2.6,7593,3365729,59965,3425694,fhi:git
2021-02-07,6711,167,2.4,6878,3372440,60132,3432572,fhi:git
2021-02-08,22618,301,1.3,22919,3395058,60433,3455491,fhi:git
2021-02-09,20704,270,1.3,20974,3415762,60703,3476465,fhi:git
2021-02-10,19113,310,1.6,19423,3434875,61013,3495888,fhi:git
2021-02-11,17544,262,1.5,17806,3452419,61275,3513694,fhi:git
2021-02-12,17852,247,1.4,18099,3470271,61522,3531793,fhi:git
2021-02-13,8183,185,2.2,8368,3478454,61707,3540161,fhi:git
2021-02-14,6575,160,2.4,6735,3485029,61867,3546896,fhi:git
2021-02-15,21930,332,1.5,22262,3506959,62199,3569158,fhi:git
2021-02-16,19375,305,1.5,19680,3526334,62504,3588838,fhi:git
2021-02-17,19560,320,1.6,19880,3545894,62824,3608718,fhi:git
2021-02-18,18450,302,1.6,18752,3564344,63126,3627470,fhi:git
2021-02-19,17776,338,1.9,18114,3582120,63464,3645584,fhi:git
2021-02-20,8697,216,2.4,8913,3590817,63680,3654497,fhi:git
2021-02-21,7445,221,2.9,7666,3598262,63901,3662163,fhi:git
2021-02-22,20128,411,2.0,20539,3618390,64312,3682702,fhi:git
2021-02-23,16656,445,2.6,17101,3635046,64757,3699803,fhi:git
2021-02-24,17785,461,2.5,18246,3652831,65218,3718049,fhi:git
2021-02-25,18209,527,2.8,18736,3671040,65745,3736785,fhi:git
2021-02-26,19113,493,2.5,19606,3690153,66238,3756391,fhi:git
2021-02-27,10164,382,3.6,10546,3700317,66620,3766937,fhi:git
2021-02-28,10929,392,3.5,11321,3711246,67012,3778258,fhi:git
2021-03-01,26384,552,2.0,26936,3737630,67564,3805194,fhi:git
2021-03-02,23333,639,2.7,23972,3760963,68203,3829166,fhi:git
2021-03-03,23777,658,2.7,24435,3784740,68861,3853601,fhi:git
2021-03-04,24278,601,2.4,24879,3809018,69462,3878480,fhi:git
2021-03-05,25510,703,2.7,26213,3834528,70165,3904693,fhi:git
2021-03-06,15199,465,3.0,15664,3849727,70630,3920357,fhi:git
2021-03-07,14943,572,3.7,15515,3864670,71202,3935872,fhi:git
2021-03-08,35083,846,2.4,35929,3899753,72048,3971801,fhi:git
2021-03-09,30870,798,2.5,31668,3930623,72846,4003469,fhi:git
2021-03-10,30683,856,2.7,31539,3961306,73702,4035008,fhi:git
2021-03-11,29775,780,2.6,30555,3991081,74482,4065563,fhi:git
2021-03-12,28855,950,3.2,29805,4019936,75432,4095368,fhi:git
2021-03-13,16353,737,4.3,17090,4036289,76169,4112458,fhi:git
2021-03-14,15846,698,4.2,16544,4052135,76867,4129002,fhi:git
2021-03-15,34307,1107,3.1,35414,4086442,77974,4164416,fhi:git
2021-03-16,29883,1007,3.3,30890,4116325,78981,4195306,fhi:git
2021-03-17,31733,1058,3.2,32791,4148058,80039,4228097,fhi:git
2021-03-18,30682,1044,3.3,31726,4178740,81083,4259823,fhi:git
2021-03-19,29092,1001,3.3,30093,4207832,82084,4289916,fhi:git
2021-03-20,16539,709,4.1,17248,4224371,82793,4307164,fhi:git
2021-03-21,14951,649,4.2,15600,4239322,83442,4322764,fhi:git
2021-03-22,35966,1107,3.0,37073,4275288,84549,4359837,fhi:git
2021-03-23,31966,967,2.9,32933,4307254,85516,4392770,fhi:git
2021-03-24,33772,1001,2.9,34773,4341026,86517,4427543,fhi:git
2021-03-25,32521,871,2.6,33392,4373547,87388,4460935,fhi:git
2021-03-26,32138,895,2.7,33033,4405685,88283,4493968,fhi:git
2021-03-27,17196,602,3.4,17798,4422881,88885,4511766,fhi:git
2021-03-28,13639,477,3.4,14116,4436520,89362,4525882,fhi:git
2021-03-29,29535,865,2.8,30400,4466055,90227,4556282,fhi:git
2021-03-30,20996,849,3.9,21845,4487051,91076,4578127,fhi:git
2021-03-31,17606,806,4.4,18412,4504657,91882,4596539,fhi:git
2021-04-01,9903,624,5.9,10527,4514560,92506,4607066,fhi:git
2021-04-02,10675,700,6.2,11375,4525235,93206,4618441,fhi:git
2021-04-03,10249,612,5.6,10861,4535484,93818,4629302,fhi:git
2021-04-04,10736,653,5.7,11389,4546220,94471,4640691,fhi:git
2021-04-05,16024,715,4.3,16739,4562244,95186,4657430,fhi:git
2021-04-06,30451,888,2.8,31339,4592695,96074,4688769,fhi:git
2021-04-07,25321,848,3.2,26169,4618016,96922,4714938,fhi:git
2021-04-08,22336,770,3.3,23106,4640352,97692,4738044,fhi:git
2021-04-09,23393,712,3.0,24105,4663745,98404,4762149,fhi:git
2021-04-10,12613,496,3.8,13109,4676358,98900,4775258,fhi:git
2021-04-11,10768,396,3.5,11164,4687126,99296,4786422,fhi:git
2021-04-12,27002,738,2.7,27740,4714128,100034,4814162,fhi:git
2021-04-13,20973,595,2.8,21568,4735101,100629,4835730,fhi:git
2021-04-14,21361,601,2.7,21962,4756462,101230,4857692,fhi:git
2021-04-15,19167,549,2.8,19716,4775629,101779,4877408,fhi:git
2021-04-16,17743,579,3.2,18322,4793372,102358,4895730,fhi:git
2021-04-17,9185,331,3.5,9516,4802557,102689,4905246,fhi:git
2021-04-18,8628,346,3.9,8974,4811185,103035,4914220,fhi:git
2021-04-19,22264,575,2.5,22839,4833449,103610,4937059,fhi:git
2021-04-20,18373,532,2.8,18905,4851822,104142,4955964,fhi:git
2021-04-21,19097,538,2.7,19635,4870919,104680,4975599,fhi:git
2021-04-22,19100,463,2.4,19563,4890019,105143,4995162,fhi:git
2021-04-23,20257,510,2.5,20767,4910276,105653,5015929,fhi:git
2021-04-24,9584,287,2.9,9871,4919860,105940,5025800,fhi:git
2021-04-25,9278,317,3.3,9595,4929138,106257,5035395,fhi:git
2021-04-26,24360,502,2.0,24862,4953498,106759,5060257,fhi:git
2021-04-27,20978,481,2.2,21459,4974476,107240,5081716,fhi:git
2021-04-28,20632,419,2.0,21051,4995108,107659,5102767,fhi:git
2021-04-29,19249,414,2.1,19663,5014357,108073,5122430,fhi:git
2021-04-30,18590,441,2.3,19031,5032947,108514,5141461,fhi:git
2021-05-01,8244,251,3.0,8495,5041191,108765,5149956,fhi:git
2021-05-02,9345,296,3.1,9641,5050536,109061,5159597,fhi:git
2021-05-03,24362,511,2.1,24873,5074898,109572,5184470,fhi:git
2021-05-04,21416,463,2.1,21879,5096314,110035,5206349,fhi:git
2021-05-05,22209,495,2.2,22704,5118523,110530,5229053,fhi:git
2021-05-06,19917,509,2.5,20426,5138440,111039,5249479,fhi:git
2021-05-07,18696,438,2.3,19134,5157136,111477,5268613,fhi:git
2021-05-08,9370,352,3.6,9722,5166506,111829,5278335,fhi:git
2021-05-09,10551,352,3.2,10903,5177057,112181,5289238,fhi:git
2021-05-10,25510,524,2.0,26034,5202567,112705,5315272,fhi:git
2021-05-11,21172,427,2.0,21599,5223739,113132,5336871,fhi:git
2021-05-12,18835,380,2.0,19215,5242574,113512,5356086,fhi:git
2021-05-13,11603,298,2.5,11901,5254177,113810,5367987,fhi:git
2021-05-14,17578,415,2.3,17993,5271755,114225,5385980,fhi:git
2021-05-15,9706,240,2.4,9946,5281461,114465,5395926,fhi:git
2021-05-16,9148,280,3.0,9428,5290609,114745,5405354,fhi:git
2021-05-17,5507,183,3.2,5690,5296116,114928,5411044,fhi:git
2021-05-18,26420,542,2.0,26962,5322536,115470,5438006,fhi:git
2021-05-19,25848,541,2.1,26389,5348384,116011,5464395,fhi:git
2021-05-20,25641,603,2.3,26244,5374025,116614,5490639,fhi:git
2021-05-21,25841,668,2.5,26509,5399866,117282,5517148,fhi:git
2021-05-22,13100,352,2.6,13452,5412966,117634,5530600,fhi:git
2021-05-23,13320,338,2.5,13658,5426286,117972,5544258,fhi:git
2021-05-24,16362,383,2.3,16745,5442648,118355,5561003,fhi:git
2021-05-25,28618,428,1.5,29046,5471266,118783,5590049,fhi:git
2021-05-26,23696,363,1.5,24059,5494962,119146,5614108,fhi:git
2021-05-27,20056,384,1.9,20440,5515018,119530,5634548,fhi:git
2021-05-28,19465,347,1.8,19812,5534483,119877,5654360,fhi:git
2021-05-29,8644,199,2.3,8843,5543127,120076,5663203,fhi:git
2021-05-30,9379,185,1.9,9564,5552506,120261,5672767,fhi:git
2021-05-31,23173,344,1.5,23517,5575679,120605,5696284,fhi:git
2021-06-01,19318,387,2.0,19705,5594997,120992,5715989,fhi:git
2021-06-02,20827,293,1.4,21120,5615824,121285,5737109,fhi:git
2021-06-03,19381,282,1.4,19663,5635205,121567,5756772,fhi:git
2021-06-04,17018,262,1.5,17280,5652223,121829,5774052,fhi:git
2021-06-05,7801,145,1.8,7946,5660024,121974,5781998,fhi:git
2021-06-06,7815,151,1.9,7966,5667839,122125,5789964,fhi:git
2021-06-07,20905,203,1.0,21108,5688744,122328,5811072,fhi:git
2021-06-08,16911,213,1.2,17124,5705655,122541,5828196,fhi:git
2021-06-09,17034,207,1.2,17241,5722689,122748,5845437,fhi:git
2021-06-10,16661,202,1.2,16863,5739350,122950,5862300,fhi:git
2021-06-11,16206,155,0.9,16361,5755556,123105,5878661,fhi:git
2021-06-12,7876,129,1.6,8005,5763432,123234,5886666,fhi:git
2021-06-13,7975,111,1.4,8086,5771407,123345,5894752,fhi:git
2021-06-14,21516,208,1.0,21724,5792923,123553,5916476,fhi:git
2021-06-15,17788,195,1.1,17983,5810711,123748,5934459,fhi:git
2021-06-16,17803,215,1.2,18018,5828514,123963,5952477,fhi:git
2021-06-17,17483,197,1.1,17680,5845997,124160,5970157,fhi:git
2021-06-18,16299,171,1.0,16470,5862296,124331,5986627,fhi:git
2021-06-19,9322,153,1.6,9475,5871618,124484,5996102,fhi:git
2021-06-20,8572,115,1.3,8687,5880190,124599,6004789,fhi:git
2021-06-21,19499,205,1.0,19704,5899689,124804,6024493,fhi:git
2021-06-22,16073,266,1.6,16339,5915762,125070,6040832,fhi:git
2021-06-23,16438,239,1.4,16677,5932200,125309,6057509,fhi:git
2021-06-24,16802,174,1.0,16976,5949002,125483,6074485,fhi:git
2021-06-25,16133,175,1.1,16308,5965135,125658,6090793,fhi:git
2021-06-26,7670,106,1.4,7776,5972805,125764,6098569,fhi:git
2021-06-27,8076,106,1.3,8182,5980881,125870,6106751,fhi:git
2021-06-28,19564,226,1.1,19790,6000445,126096,6126541,fhi:git
2021-06-29,15967,213,1.3,16180,6016412,126309,6142721,fhi:git
2021-06-30,18050,261,1.4,18311,6034462,126570,6161032,fhi:git
2021-07-01,17643,197,1.1,17840,6052105,126767,6178872,fhi:git
2021-07-02,15812,186,1.2,15998,6067917,126953,6194870,fhi:git
2021-07-03,7923,99,1.2,8022,6075840,127052,6202892,fhi:git
2021-07-04,7886,123,1.5,8009,6083726,127175,6210901,fhi:git
2021-07-05,17465,207,1.2,17672,6101191,127382,6228573,fhi:git
2021-07-06,13951,200,1.4,14151,6115142,127582,6242724,fhi:git
2021-07-07,15820,204,1.3,16024,6130962,127786,6258748,fhi:git
2021-07-08,16272,183,1.1,16455,6147234,127969,6275203,fhi:git
2021-07-09,14397,175,1.2,14572,6161631,128144,6289775,fhi:git
2021-07-10,7149,108,1.5,7257,6168780,128252,6297032,fhi:git
2021-07-11,6730,101,1.5,6831,6175510,128353,6303863,fhi:git
2021-07-12,14372,187,1.3,14559,6189882,128540,6318422,fhi:git
2021-07-13,11979,146,1.2,12125,6201861,128686,6330547,fhi:git
2021-07-14,12604,183,1.4,12787,6214465,128869,6343334,fhi:git
2021-07-15,12354,187,1.5,12541,6226819,129056,6355875,fhi:git
2021-07-16,11629,226,1.9,11855,6238448,129282,6367730,fhi:git
2021-07-17,6509,111,1.7,6620,6244957,129393,6374350,fhi:git
2021-07-18,6774,144,2.1,6918,6251731,129537,6381268,fhi:git
2021-07-19,14163,229,1.6,14392,6265894,129766,6395660,fhi:git
2021-07-20,11630,173,1.5,11803,6277524,129939,6407463,fhi:git
2021-07-21,12473,261,2.0,12734,6289997,130200,6420197,fhi:git
2021-07-22,13061,215,1.6,13276,6303058,130415,6433473,fhi:git
2021-07-23,12410,251,2.0,12661,6315468,130666,6446134,fhi:git
2021-07-24,7363,175,2.3,7538,6322831,130841,6453672,fhi:git
2021-07-25,7360,199,2.6,7559,6330191,131040,6461231,fhi:git
2021-07-26,16071,315,1.9,16386,6346262,131355,6477617,fhi:git
2021-07-27,14643,349,2.3,14992,6360905,131704,6492609,fhi:git
2021-07-28,15271,422,2.7,15693,6376176,132126,6508302,fhi:git
2021-07-29,14939,346,2.3,15285,6391115,132472,6523587,fhi:git
2021-07-30,15587,354,2.2,15941,6406702,132826,6539528,fhi:git
2021-07-31,9428,250,2.6,9678,6416130,133076,6549206,fhi:git
2021-08-01,8839,245,2.7,9084,6424969,133321,6558290,fhi:git
2021-08-02,18713,455,2.4,19168,6443682,133776,6577458,fhi:git
2021-08-03,16429,446,2.6,16875,6460111,134222,6594333,fhi:git
2021-08-04,17296,502,2.8,17798,6477407,134724,6612131,fhi:git
2021-08-05,17028,463,2.6,17491,6494435,135187,6629622,fhi:git
2021-08-06,16493,478,2.8,16971,6510928,135665,6646593,fhi:git
2021-08-07,9614,322,3.2,9936,6520542,135987,6656529,fhi:git
2021-08-08,9539,331,3.4,9870,6530081,136318,6666399,fhi:git
2021-08-09,21229,669,3.1,21898,6551310,136987,6688297,fhi:git
2021-08-10,17823,576,3.1,18399,6569133,137563,6706696,fhi:git
2021-08-11,18162,610,3.2,18772,6587295,138173,6725468,fhi:git
2021-08-12,17235,539,3.0,17774,6604530,138712,6743242,fhi:git
2021-08-13,17115,546,3.1,17661,6621645,139258,6760903,fhi:git
2021-08-14,9928,435,4.2,10363,6631573,139693,6771266,fhi:git
2021-08-15,9413,376,3.8,9789,6640986,140069,6781055,fhi:git
2021-08-16,20680,625,2.9,21305,6661666,140694,6802360,fhi:git
2021-08-17,18620,637,3.3,19257,6680286,141331,6821617,fhi:git
2021-08-18,19365,689,3.4,20054,6699651,142020,6841671,fhi:git
2021-08-19,19557,670,3.3,20227,6719208,142690,6861898,fhi:git
2021-08-20,20646,741,3.5,21387,6739854,143431,6883285,fhi:git
2021-08-21,11123,592,5.1,11715,6750977,144023,6895000,fhi:git
2021-08-22,11642,554,4.5,12196,6762619,144577,6907196,fhi:git
2021-08-23,29609,1179,3.8,30788,6792228,145756,6937984,fhi:git
2021-08-24,28781,1336,4.4,30117,6821009,147092,6968101,fhi:git
2021-08-25,29936,1414,4.5,31350,6850945,148506,6999451,fhi:git
2021-08-26,29115,1394,4.6,30509,6880060,149900,7029960,fhi:git
2021-08-27,27276,1435,5.0,28711,6907336,151335,7058671,fhi:git
2021-08-28,15570,1000,6.0,16570,6922906,152335,7075241,fhi:git
2021-08-29,15637,956,5.8,16593,6938543,153291,7091834,fhi:git
2021-08-30,39393,1856,4.5,41249,6977936,155147,7133083,fhi:git
2021-08-31,36077,1624,4.3,37701,7014013,156771,7170784,fhi:git
2021-09-01,34391,1613,4.5,36004,7048404,158384,7206788,fhi:git
2021-09-02,33766,1523,4.3,35289,7082170,159907,7242077,fhi:git
2021-09-03,29372,1545,5.0,30917,7111542,161452,7272994,fhi:git
2021-09-04,14891,992,6.2,15883,7126433,162444,7288877,fhi:git
2021-09-05,14866,954,6.0,15820,7141299,163398,7304697,fhi:git
2021-09-06,38295,1784,4.5,40079,7179594,165182,7344776,fhi:git
2021-09-07,32679,1438,4.2,34117,7212273,166620,7378893,fhi:git
2021-09-08,29476,1382,4.5,30858,7241749,168002,7409751,fhi:git
2021-09-09,26081,1326,4.8,27407,7267830,169328,7437158,fhi:git
2021-09-10,22607,1183,5.0,23790,7290437,170511,7460948,fhi:git
2021-09-11,9916,665,6.3,10581,7300353,171176,7471529,fhi:git
2021-09-12,10376,778,7.0,11154,7310729,171954,7482683,fhi:git
2021-09-13,29310,1313,4.3,30623,7340039,173267,7513306,fhi:git
2021-09-14,24932,1012,3.9,25944,7364971,174279,7539250,fhi:git
2021-09-15,23496,921,3.8,24417,7388467,175200,7563667,fhi:git
2021-09-16,20455,810,3.8,21265,7408922,176010,7584932,fhi:git
2021-09-17,15977,684,4.1,16661,7424899,176694,7601593,fhi:git
2021-09-18,8164,510,5.9,8674,7433063,177204,7610267,fhi:git
2021-09-19,8849,481,5.2,9330,7441912,177685,7619597,fhi:git
2021-09-20,26837,988,3.6,27825,7468749,178673,7647422,fhi:git
2021-09-21,21064,702,3.2,21766,7489813,179375,7669188,fhi:git
2021-09-22,19195,725,3.6,19920,7509008,180100,7689108,fhi:git
2021-09-23,16155,760,4.5,16915,7525163,180860,7706023,fhi:git
2021-09-24,13077,650,4.7,13727,7538240,181510,7719750,fhi:git
2021-09-25,5529,404,6.8,5933,7543769,181914,7725683,fhi:git
2021-09-26,5546,386,6.5,5932,7549315,182300,7731615,fhi:git
2021-09-27,16533,750,4.3,17283,7565848,183050,7748898,fhi:git
2021-09-28,12740,609,4.6,13349,7578588,183659,7762247,fhi:git
2021-09-29,12643,583,4.4,13226,7591231,184242,7775473,fhi:git
2021-09-30,11449,498,4.2,11947,7602680,184740,7787420,fhi:git
2021-10-01,9513,488,4.9,10001,7612193,185228,7797421,fhi:git
2021-10-02,4147,300,6.7,4447,7616340,185528,7801868,fhi:git
2021-10-03,4627,256,5.2,4883,7620967,185784,7806751,fhi:git
2021-10-04,13301,657,4.7,13958,7634268,186441,7820709,fhi:git
2021-10-05,10631,486,4.4,11117,7644899,186927,7831826,fhi:git
2021-10-06,10349,492,4.5,10841,7655248,187419,7842667,fhi:git
2021-10-07,9615,449,4.5,10064,7664863,187868,7852731,fhi:git
2021-10-08,7869,446,5.4,8315,7672732,188314,7861046,fhi:git
2021-10-09,3753,238,6.0,3991,7676485,188552,7865037,fhi:git
2021-10-10,3783,243,6.0,4026,7680268,188795,7869063,fhi:git
2021-10-11,11035,616,5.3,11651,7691303,189411,7880714,fhi:git
2021-10-12,8354,459,5.2,8813,7699657,189870,7889527,fhi:git
2021-10-13,8555,386,4.3,8941,7708212,190256,7898468,fhi:git
2021-10-14,7438,375,4.8,7813,7715650,190631,7906281,fhi:git
2021-10-15,6859,448,6.1,7307,7722509,191079,7913588,fhi:git
2021-10-16,3135,290,8.5,3425,7725644,191369,7917013,fhi:git
2021-10-17,3585,259,6.7,3844,7729229,191628,7920857,fhi:git
2021-10-18,11131,746,6.3,11877,7740360,192374,7932734,fhi:git
2021-10-19,8884,580,6.1,9464,7749244,192954,7942198,fhi:git
2021-10-20,9468,715,7.0,10183,7758712,193669,7952381,fhi:git
2021-10-21,8621,645,7.0,9266,7767333,194314,7961647,fhi:git
2021-10-22,7958,752,8.6,8710,7775291,195066,7970357,fhi:git
2021-10-23,3846,463,10.7,4309,7779137,195529,7974666,fhi:git
2021-10-24,4322,502,10.4,4824,7783459,196031,7979490,fhi:git
2021-10-25,12962,1224,8.6,14186,7796421,197255,7993676,fhi:git
2021-10-26,11101,1055,8.7,12156,7807522,198310,8005832,fhi:git
2021-10-27,11728,1114,8.7,12842,7819250,199424,8018674,fhi:git
2021-10-28,12059,1143,8.7,13202,7831309,200567,8031876,fhi:git
2021-10-29,10750,1178,9.9,11928,7842059,201745,8043804,fhi:git
2021-10-30,4762,605,11.3,5367,7846821,202350,8049171,fhi:git
2021-10-31,4993,687,12.1,5680,7851814,203037,8054851,fhi:git
2021-11-01,16357,1975,10.8,18332,7868171,205012,8073183,fhi:git
2021-11-02,14268,1415,9.0,15683,7882439,206427,8088866,fhi:git
2021-11-03,15276,1652,9.8,16928,7897715,208079,8105794,fhi:git
2021-11-04,13366,1498,10.1,14864,7911081,209577,8120658,fhi:git
2021-11-05,12681,1457,10.3,14138,7923762,211034,8134796,fhi:git
2021-11-06,5919,885,13.0,6804,7929681,211919,8141600,fhi:git
2021-11-07,6459,958,12.9,7417,7936140,212877,8149017,fhi:git
2021-11-08,18330,2390,11.5,20720,7954470,215267,8169737,fhi:git
2021-11-09,16102,1753,9.8,17855,7970572,217020,8187592,fhi:git
2021-11-10,17162,1966,10.3,19128,7987734,218986,8206720,fhi:git
2021-11-11,15912,1773,10.0,17685,8003646,220759,8224405,fhi:git
2021-11-12,13417,1792,11.8,15209,8017063,222551,8239614,fhi:git
2021-11-13,6571,1088,14.2,7659,8023634,223639,8247273,fhi:git
2021-11-14,6939,1061,13.3,8000,8030573,224700,8255273,fhi:git
2021-11-15,19920,2861,12.6,22781,8050493,227561,8278054,fhi:git
2021-11-16,16609,2140,11.4,18749,8067102,229701,8296803,fhi:git
2021-11-17,16586,2434,12.8,19020,8083688,232135,8315823,fhi:git
2021-11-18,14835,2335,13.6,17170,8098523,234470,8332993,fhi:git
2021-11-19,13916,2222,13.8,16138,8112439,236692,8349131,fhi:git
2021-11-20,6811,1378,16.8,8189,8119250,238070,8357320,fhi:git
2021-11-21,7025,1351,16.1,8376,8126275,239421,8365696,fhi:git
2021-11-22,19932,3534,15.1,23466,8146207,242955,8389162,fhi:git
2021-11-23,16414,2800,14.6,19214,8162621,245755,8408376,fhi:git
2021-11-24,16323,2939,15.3,19262,8178944,248694,8427638,fhi:git
2021-11-25,15673,2822,15.3,18495,8194617,251516,8446133,fhi:git
2021-11-26,13772,2728,16.5,16500,8208389,254244,8462633,fhi:git
2021-11-27,7481,1796,19.4,9277,8215870,256040,8471910,fhi:git
2021-11-28,7812,1845,19.1,9657,8223682,257885,8481567,fhi:git
2021-11-29,21659,4688,17.8,26347,8245341,262573,8507914,fhi:git
2021-11-30,20130,3788,15.8,23918,8265471,266361,8531832,fhi:git
2021-12-01,20206,4073,16.8,24279,8285677,270434,8556111,fhi:git
2021-12-02,21782,4186,16.1,25968,8307459,274620,8582079,fhi:git
2021-12-03,21212,4293,16.8,25505,8328671,278913,8607584,fhi:git
2021-12-04,10759,2681,19.9,13440,8339430,281594,8621024,fhi:git
2021-12-05,11009,2898,20.8,13907,8350439,284492,8634931,fhi:git
2021-12-06,28288,6473,18.6,34761,8378727,290965,8669692,fhi:git
2021-12-07,25836,5517,17.6,31353,8404563,296482,8701045,fhi:git
2021-12-08,26346,5310,16.8,31656,8430909,301792,8732701,fhi:git
2021-12-09,26627,5301,16.6,31928,8457536,307093,8764629,fhi:git
2021-12-10,27970,5184,15.6,33154,8485506,312277,8797783,fhi:git
2021-12-11,13976,3166,18.5,17142,8499482,315443,8814925,fhi:git
2021-12-12,14005,3212,18.7,17217,8513487,318655,8832142,fhi:git
2021-12-13,31792,6646,17.3,38438,8545279,325301,8870580,fhi:git
2021-12-14,30870,5200,14.4,36070,8576149,330501,8906650,fhi:git
2021-12-15,30370,5024,14.2,35394,8606519,335525,8942044,fhi:git
2021-12-16,28953,4657,13.9,33610,8635472,340182,8975654,fhi:git
2021-12-17,27596,4252,13.4,31848,8663068,344434,9007502,fhi:git
2021-12-18,15146,2749,15.4,17895,8678214,347183,9025397,fhi:git
2021-12-19,13935,2606,15.8,16541,8692149,349789,9041938,fhi:git
2021-12-20,30057,5366,15.1,35423,8722206,355155,9077361,fhi:git
2021-12-21,25126,4174,14.2,29300,8747332,359329,9106661,fhi:git
2021-12-22,19689,3690,15.8,23379,8767021,363019,9130040,fhi:git
2021-12-23,13131,3353,20.3,16484,8780152,366372,9146524,fhi:git
2021-12-24,5041,1781,26.1,6822,8785193,368153,9153346,fhi:git
2021-12-25,5499,2026,26.9,7525,8790692,370179,9160871,fhi:git
2021-12-26,7402,2439,24.8,9841,8798094,372618,9170712,fhi:git
2021-12-27,15814,4798,23.3,20612,8813908,377416,9191324,fhi:git
2021-12-28,14802,4017,21.3,18819,8828710,381433,9210143,fhi:git
2021-12-29,14711,4172,22.1,18883,8843421,385605,9229026,fhi:git
2021-12-30,12933,4193,24.5,17126,8856354,389798,9246152,fhi:git
2021-12-31,7641,2833,27.0,10474,8863995,392631,9256626,fhi:git
2022-01-01,5463,2590,32.2,8053,8869458,395221,9264679,fhi:git
2022-01-02,8998,4056,31.1,13054,8878456,399277,9277733,fhi:git
2022-01-03,22513,9145,28.9,31658,8900969,408422,9309391,fhi:git
2022-01-04,19337,8016,29.3,27353,8920306,416438,9336744,fhi:git
2022-01-05,19506,7046,26.5,26552,8939812,423484,9363296,fhi:git
2022-01-06,18361,6220,25.3,24581,8958173,429704,9387877,fhi:git
2022-01-07,15320,6376,29.4,21696,8973493,436080,9409573,fhi:git
2022-01-08,8486,4435,34.3,12921,8981979,440515,9422494,fhi:git
2022-01-09,9194,5178,36.0,14372,8991173,445693,9436866,fhi:git
2022-01-10,21158,12140,36.5,33298,9012331,457833,9470164,fhi:git
2022-01-11,18148,10917,37.6,29065,9030479,468750,9499229,fhi:git
2022-01-12,18787,11137,37.2,29924,9049266,479887,9529153,fhi:git
2022-01-13,18312,10884,37.3,29196,9067578,490771,9558349,fhi:git
2022-01-14,16135,11350,41.3,27485,9083713,502121,9585834,fhi:git
2022-01-15,8913,7748,46.5,16661,9092626,509869,9602495,fhi:git
2022-01-16,9310,8643,48.1,17953,9101936,518512,9620448,fhi:git
2022-01-17,22664,20821,47.9,43485,9124600,539333,9663933,fhi:git
2022-01-18,21145,18541,46.7,39686,9145745,557874,9703619,fhi:git
2022-01-19,20718,18156,46.7,38874,9166463,576030,9742493,fhi:git
2022-01-20,20075,18280,47.7,38355,9186538,594310,9780848,fhi:git
2022-01-21,19582,18559,48.7,38141,9206120,612869,9818989,fhi:git
2022-01-22,9924,12270,55.3,22194,9216044,625139,9841183,fhi:git
2022-01-23,9239,12869,58.2,22108,9225283,638008,9863291,fhi:git
2022-01-24,21998,28366,56.3,50364,9247281,666374,9913655,fhi:git
2022-01-25,18012,23591,56.7,41603,9265293,689965,9955258,fhi:git
2022-01-26,16702,22090,56.9,38792,9281995,712055,9994050,fhi:git
2022-01-27,14605,20095,57.9,34700,9296600,732150,10028750,fhi:git
2022-01-28,12496,19003,60.3,31499,9309096,751153,10060249,fhi:git
2022-01-29,6569,10780,62.1,17349,9315665,761933,10077598,fhi:git
2022-01-30,6410,11548,64.3,17958,9322075,773481,10095556,fhi:git
2022-01-31,15880,27867,63.7,43747,9337955,801348,10139303,fhi:git
2022-02-01,14174,23470,62.3,37644,9352129,824818,10176947,fhi:git
2022-02-02,12304,20359,62.3,32663,9364433,845177,10209610,fhi:git
2022-02-03,10569,17534,62.4,28103,9375002,862711,10237713,fhi:git
2022-02-04,8983,17422,66.0,26405,9383985,880133,10264118,fhi:git
2022-02-05,4726,10968,69.9,15694,9388711,891101,10279812,fhi:git
2022-02-06,4957,11102,69.1,16059,9393668,902203,10295871,fhi:git
2022-02-07,11354,29479,72.2,40833,9405022,931682,10336704,fhi:git
2022-02-08,10465,25520,70.9,35985,9415487,957202,10372689,fhi:git
2022-02-09,11019,24017,68.5,35036,9426506,981219,10407725,fhi:git
2022-02-10,9748,21935,69.2,31683,9436254,1003154,10439408,fhi:git
2022-02-11,8542,20538,70.6,29080,9444796,1023692,10468488,fhi:git
2022-02-12,3486,9193,72.5,12679,9448282,1032885,10481167,fhi:git
2022-02-13,3043,7832,72.0,10875,9451325,1040717,10492042,fhi:git
2022-02-14,6387,20273,76.0,26660,9457712,1060990,10518702,fhi:git
2022-02-15,5983,16667,73.6,22650,9463695,1077657,10541352,fhi:git
2022-02-16,6601,17191,72.3,23792,9470296,1094848,10565144,fhi:git
2022-02-17,6255,15827,71.7,22082,9476551,1110675,10587226,fhi:git
2022-02-18,5528,15700,74.0,21228,9482079,1126375,10608454,fhi:git
2022-02-19,2809,7700,73.3,10509,9484888,1134075,10618963,fhi:git
2022-02-20,2719,7537,73.5,10256,9487607,1141612,10629219,fhi:git
2022-02-21,5993,22217,78.8,28210,9493600,1163829,10657429,fhi:git
2022-02-22,5609,18336,76.6,23945,9499209,1182165,10681374,fhi:git
2022-02-23,5454,18140,76.9,23594,9504663,1200305,10704968,fhi:git
2022-02-24,5107,15342,75.0,20449,9509770,1215647,10725417,fhi:git
2022-02-25,4204,14545,77.6,18749,9513974,1230192,10744166,fhi:git
2022-02-26,2060,6210,75.1,8270,9516034,1236402,10752436,fhi:git
2022-02-27,1978,6188,75.8,8166,9518012,1242590,10760602,fhi:git
2022-02-28,5033,17547,77.7,22580,9523045,1260137,10783182,fhi:git
2022-03-01,4395,12468,73.9,16863,9527440,1272605,10800045,fhi:git
2022-03-02,4208,11102,72.5,15310,9531648,1283707,10815355,fhi:git
2022-03-03,3750,8896,70.3,12646,9535398,1292603,10828001,fhi:git
2022-03-04,3148,8291,72.5,11439,9538546,1300894,10839440,fhi:git
2022-03-05,1639,3722,69.4,5361,9540185,1304616,10844801,fhi:git
2022-03-06,1681,3397,66.9,5078,9541866,1308013,10849879,fhi:git
2022-03-07,4106,11621,73.9,15727,9545972,1319634,10865606,fhi:git
2022-03-08,3588,7558,67.8,11146,9549560,1327192,10876752,fhi:git
2022-03-09,3595,7188,66.7,10783,9553155,1334380,10887535,fhi:git
2022-03-10,3156,5846,64.9,9002,9556311,1340226,10896537,fhi:git
2022-03-11,2970,5385,64.5,8355,9559281,1345611,10904892,fhi:git
2022-03-12,1244,2208,64.0,3452,9560525,1347819,10908344,fhi:git
2022-03-13,1424,2256,61.3,3680,9561949,1350075,10912024,fhi:git
2022-03-14,4020,7378,64.7,11398,9565969,1357453,10923422,fhi:git
2022-03-15,3253,4628,58.7,7881,9569222,1362081,10931303,fhi:git
2022-03-16,3257,4568,58.4,7825,9572479,1366649,10939128,fhi:git
2022-03-17,3163,3777,54.4,6940,9575642,1370426,10946068,fhi:git
2022-03-18,2689,3466,56.3,6155,9578331,1373892,10952223,fhi:git
2022-03-19,1236,1576,56.0,2812,9579567,1375468,10955035,fhi:git
2022-03-20,1267,1289,50.4,2556,9580834,1376757,10957591,fhi:git
2022-03-21,3582,4697,56.7,8279,9584416,1381454,10965870,fhi:git
2022-03-22,3140,3003,48.9,6143,9587556,1384457,10972013,fhi:git
2022-03-23,3258,3245,49.9,6503,9590814,1387702,10978516,fhi:git
2022-03-24,2919,2495,46.1,5414,9593733,1390197,10983930,fhi:git
2022-03-25,2586,2291,47.0,4877,9596319,1392488,10988807,fhi:git
2022-03-26,1186,987,45.4,2173,9597505,1393475,10990980,fhi:git
2022-03-27,1169,816,41.1,1985,9598674,1394291,10992965,fhi:git
2022-03-28,3734,2846,43.3,6580,9602408,1397137,10999545,fhi:git
2022-03-29,2950,1743,37.1,4693,9605358,1398880,11004238,fhi:git
2022-03-30,3072,1968,39.0,5040,9608430,1400848,11009278,fhi:git
2022-03-31,2850,1459,33.9,4309,9611280,1402307,11013587,fhi:git
2022-04-01,2393,1438,37.5,3831,9613673,1403745,11017418,fhi:git
2022-04-02,1020,549,35.0,1569,9614693,1404294,11018987,fhi:git
2022-04-03,1283,510,28.4,1793,9615976,1404804,11020780,fhi:git
2022-04-04,3606,1840,33.8,5446,9619582,1406644,11026226,fhi:git
2022-04-05,3029,1252,29.2,4281,9622611,1407896,11030507,fhi:git
2022-04-06,3054,1221,28.6,4275,9625665,1409117,11034782,fhi:git
2022-04-07,2806,913,24.5,3719,9628471,1410030,11038501,fhi:git
2022-04-08,2496,948,27.5,3444,9630967,1410978,11041945,fhi:git
2022-04-09,1103,390,26.1,1493,9632070,1411368,11043438,fhi:git
2022-04-10,1001,331,24.8,1332,9633071,1411699,11044770,fhi:git
2022-04-11,2505,1159,31.6,3664,9635576,1412858,11048434,fhi:git
2022-04-12,1824,728,28.5,2552,9637400,1413586,11050986,fhi:git
2022-04-13,1320,564,29.9,1884,9638720,1414150,11052870,fhi:git
2022-04-14,844,303,26.4,1147,9639564,1414453,11054017,fhi:git
2022-04-15,774,324,29.5,1098,9640338,1414777,11055115,fhi:git
2022-04-16,758,348,31.5,1106,9641096,1415125,11056221,fhi:git
2022-04-17,805,219,21.4,1024,9641901,1415344,11057245,fhi:git
2022-04-18,1122,473,29.7,1595,9643023,1415817,11058840,fhi:git
2022-04-19,2516,1140,31.2,3656,9645539,1416957,11062496,fhi:git
2022-04-20,2107,753,26.3,2860,9647646,1417710,11065356,fhi:git
2022-04-21,1883,571,23.3,2454,9649529,1418281,11067810,fhi:git
2022-04-22,1661,549,24.8,2210,9651190,1418830,11070020,fhi:git
2022-04-23,700,157,18.3,857,9651890,1418987,11070877,fhi:git
2022-04-24,691,134,16.2,825,9652581,1419121,11071702,fhi:git
2022-04-25,1965,620,24.0,2585,9654546,1419741,11074287,fhi:git
2022-04-26,1604,352,18.0,1956,9656150,1420093,11076243,fhi:git
2022-04-27,1649,409,19.9,2058,9657799,1420502,11078301,fhi:git
2022-04-28,1604,340,17.5,1944,9659403,1420842,11080245,fhi:git
2022-04-29,1337,344,20.5,1681,9660740,1421186,11081926,fhi:git
2022-04-30,637,107,14.4,744,9661377,1421293,11082670,fhi:git
2022-05-01,596,86,12.6,682,9661973,1421379,11083352,fhi:git
2022-05-02,1643,465,22.1,2108,9663616,1421844,11085460,fhi:git
2022-05-03,1416,333,19.0,1749,9665032,1422177,11087209,fhi:git
2022-05-04,1536,298,16.2,1834,9666568,1422475,11089043,fhi:git
2022-05-05,1304,289,18.1,1593,9667872,1422764,11090636,fhi:git
2022-05-06,1280,319,19.9,1599,9669152,1423083,11092235,fhi:git
2022-05-07,493,90,15.4,583,9669645,1423173,11092818,fhi:git
2022-05-08,503,87,14.7,590,9670148,1423260,11093408,fhi:git
2022-05-09,1616,460,22.2,2076,9671764,1423720,11095484,fhi:git
2022-05-10,1377,291,17.4,1668,9673141,1424011,11097152,fhi:git
2022-05-11,1260,307,19.6,1567,9674401,1424318,11098719,fhi:git
2022-05-12,1335,277,17.2,1612,9675736,1424595,11100331,fhi:git
2022-05-13,1185,291,19.7,1476,9676921,1424886,11101807,fhi:git
2022-05-14,458,86,15.8,544,9677379,1424972,11102351,fhi:git
2022-05-15,505,63,11.1,568,9677884,1425035,11102919,fhi:git
2022-05-16,1478,397,21.2,1875,9679362,1425432,11104794,fhi:git
2022-05-17,382,45,10.5,427,9679744,1425477,11105221,fhi:git
2022-05-18,1556,371,19.3,1927,9681300,1425848,11107148,fhi:git
2022-05-19,1476,285,16.2,1761,9682776,1426133,11108909,fhi:git
2022-05-20,1260,294,18.9,1554,9684036,1426427,11110463,fhi:git
2022-05-21,490,90,15.5,580,9684526,1426517,11111043,fhi:git
2022-05-22,519,74,12.5,593,9685045,1426591,11111636,fhi:git
2022-05-23,1730,423,19.6,2153,9686775,1427014,11113789,fhi:git
2022-05-24,1393,286,17.0,1679,9688168,1427300,11115468,fhi:git
2022-05-25,1273,303,19.2,1576,9689441,1427603,11117044,fhi:git
2022-05-26,402,80,16.6,482,9689843,1427683,11117526,fhi:git
2022-05-27,1164,334,22.3,1498,9691007,1428017,11119024,fhi:git
2022-05-28,398,79,16.6,477,9691405,1428096,11119501,fhi:git
2022-05-29,449,82,15.4,531,9691854,1428178,11120032,fhi:git
2022-05-30,1564,474,23.3,2038,9693418,1428652,11122070,fhi:git
2022-05-31,1202,301,20.0,1503,9694620,1428953,11123573,fhi:git
2022-06-01,1152,316,21.5,1468,9695772,1429269,11125041,fhi:git
2022-06-02,1098,303,21.6,1401,9696870,1429572,11126442,fhi:git
2022-06-03,1088,306,22.0,1394,9697958,1429878,11127836,fhi:git
2022-06-04,431,93,17.7,524,9698389,1429971,11128360,fhi:git
2022-06-05,479,76,13.7,555,9698868,1430047,11128915,fhi:git
2022-06-06,506,122,19.4,628,9699374,1430169,11129543,fhi:git
2022-06-07,1373,514,27.2,1887,9700747,1430683,11131430,fhi:git
2022-06-08,1299,423,24.6,1722,9702046,1431106,11133152,fhi:git
2022-06-09,1262,385,23.4,1647,9703308,1431491,11134799,fhi:git
2022-06-10,1305,421,24.4,1726,9704613,1431912,11136525,fhi:git
2022-06-11,578,119,17.1,697,9705191,1432031,11137222,fhi:git
2022-06-12,873,129,12.9,1002,9706064,1432160,11138224,fhi:git
2022-06-13,1588,582,26.8,2170,9707652,1432742,11140394,fhi:git
2022-06-14,1405,447,24.1,1852,9709057,1433189,11142246,fhi:git
2022-06-15,1347,512,27.5,1859,9710404,1433701,11144105,fhi:git
2022-06-16,1308,552,29.7,1860,9711712,1434253,11145965,fhi:git
2022-06-17,1452,635,30.4,2087,9713164,1434888,11148052,fhi:git
2022-06-18,547,166,23.3,713,9713711,1435054,11148765,fhi:git
2022-06-19,730,174,19.2,904,9714441,1435228,11149669,fhi:git
2022-06-20,1794,940,34.4,2734,9716235,1436168,11152403,fhi:git
2022-06-21,1598,748,31.9,2346,9717833,1436916,11154749,fhi:git
2022-06-22,1431,875,37.9,2306,9719264,1437791,11157055,fhi:git
2022-06-23,1318,757,36.5,2075,9720582,1438548,11159130,fhi:git
2022-06-24,1395,816,36.9,2211,9721977,1439364,11161341,fhi:git
2022-06-25,614,244,28.4,858,9722591,1439608,11162199,fhi:git
2022-06-26,686,225,24.7,911,9723277,1439833,11163110,fhi:git
2022-06-27,1706,992,36.8,2698,9724983,1440825,11165808,fhi:git
2022-06-28,1367,756,35.6,2123,9726350,1441581,11167931,fhi:git
2022-06-29,1273,684,35.0,1957,9727623,1442265,11169888,fhi:git
2022-06-30,1220,594,32.7,1814,9728843,1442859,11171702,fhi:git
2022-07-01,1052,453,30.1,1505,9729895,1443312,11173207,fhi:git
2022-07-02,554,203,26.8,757,9730449,1443515,11173964,fhi:git
2022-07-03,602,156,20.6,758,9731051,1443671,11174722,fhi:git
2022-07-04,1284,494,27.8,1778,9732335,1444165,11176500,fhi:git
2022-07-05,1046,432,29.2,1478,9733381,1444597,11177978,fhi:git
2022-07-06,1018,416,29.0,1434,9734399,1445013,11179412,fhi:git
2022-07-07,1026,379,27.0,1405,9735425,1445392,11180817,fhi:git
2022-07-08,898,365,28.9,1263,9736323,1445757,11182080,fhi:git
2022-07-09,424,134,24.0,558,9736747,1445891,11182638,fhi:git
2022-07-10,549,131,19.3,680,9737296,1446022,11183318,fhi:git
2022-07-11,1179,417,26.1,1596,9738475,1446439,11184914,fhi:git
2022-07-12,968,349,26.5,1317,9739443,1446788,11186231,fhi:git
2022-07-13,892,329,26.9,1221,9740335,1447117,11187452,fhi:git
2022-07-14,888,295,24.9,1183,9741223,1447412,11188635,fhi:git
2022-07-15,760,328,30.1,1088,9741983,1447740,11189723,fhi:git
2022-07-16,402,139,25.7,541,9742385,1447879,11190264,fhi:git
2022-07-17,457,128,21.9,585,9742842,1448007,11190849,fhi:git
2022-07-18,941,355,27.4,1296,9743783,1448362,11192145,fhi:git
2022-07-19,828,298,26.5,1126,9744611,1448660,11193271,fhi:git
2022-07-20,803,264,24.7,1067,9745414,1448924,11194338,fhi:git
2022-07-21,849,248,22.6,1097,9746263,1449172,11195435,fhi:git
2022-07-22,748,241,24.4,989,9747011,1449413,11196424,fhi:git
2022-07-23,391,110,22.0,501,9747402,1449523,11196925,fhi:git
2022-07-24,413,84,16.9,497,9747815,1449607,11197422,fhi:git
2022-07-25,866,274,24.0,1140,9748681,1449881,11198562,fhi:git
2022-07-26,764,244,24.2,1008,9749445,1450125,11199570,fhi:git
2022-07-27,690,208,23.2,898,9750135,1450333,11200468,fhi:git
2022-07-28,712,206,22.4,918,9750847,1450539,11201386,fhi:git
2022-07-29,646,194,23.1,840,9751493,1450733,11202226,fhi:git
2022-07-30,364,114,23.8,478,9751857,1450847,11202704,fhi:git
2022-07-31,433,100,18.8,533,9752290,1450947,11203237,fhi:git
2022-08-01,848,241,22.1,1089,9753138,1451188,11204326,fhi:git
2022-08-02,751,203,21.3,954,9753889,1451391,11205280,fhi:git
2022-08-03,701,206,22.7,907,9754590,1451597,11206187,fhi:git
2022-08-04,633,159,20.1,792,9755223,1451756,11206979,fhi:git
2022-08-05,564,178,24.0,742,9755787,1451934,11207721,fhi:git
2022-08-06,309,62,16.7,371,9756096,1451996,11208092,fhi:git
2022-08-07,362,93,20.4,455,9756458,1452089,11208547,fhi:git
2022-08-08,772,218,22.0,990,9757230,1452307,11209537,fhi:git
2022-08-09,716,202,22.0,918,9757946,1452509,11210455,fhi:git
2022-08-10,726,197,21.3,923,9758672,1452706,11211378,fhi:git
2022-08-11,671,168,20.0,839,9759343,1452874,11212217,fhi:git
2022-08-12,567,167,22.8,734,9759910,1453041,11212951,fhi:git
2022-08-13,317,76,19.3,393,9760227,1453117,11213344,fhi:git
2022-08-14,362,79,17.9,441,9760589,1453196,11213785,fhi:git
2022-08-15,815,188,18.7,1003,9761404,1453384,11214788,fhi:git
2022-08-16,791,138,14.9,929,9762195,1453522,11215717,fhi:git
2022-08-17,688,143,17.2,831,9762883,1453665,11216548,fhi:git
2022-08-18,679,137,16.8,816,9763562,1453802,11217364,fhi:git
2022-08-19,627,130,17.2,757,9764189,1453932,11218121,fhi:git
2022-08-20,337,50,12.9,387,9764526,1453982,11218508,fhi:git
2022-08-21,400,65,14.0,465,9764926,1454047,11218973,fhi:git
2022-08-22,849,145,14.6,994,9765775,1454192,11219967,fhi:git
2022-08-23,768,132,14.7,900,9766543,1454324,11220867,fhi:git
2022-08-24,740,127,14.6,867,9767283,1454451,11221734,fhi:git
2022-08-25,730,109,13.0,839,9768013,1454560,11222573,fhi:git
2022-08-26,705,110,13.5,815,9768718,1454670,11223388,fhi:git
2022-08-27,332,55,14.2,387,9769050,1454725,11223775,fhi:git
2022-08-28,347,64,15.6,411,9769397,1454789,11224186,fhi:git
2022-08-29,954,140,12.8,1094,9770351,1454929,11225280,fhi:git
2022-08-30,815,94,10.3,909,9771166,1455023,11226189,fhi:git
2022-08-31,770,125,14.0,895,9771936,1455148,11227084,fhi:git
2022-09-01,768,109,12.4,877,9772704,1455257,11227961,fhi:git
2022-09-02,690,101,12.8,791,9773394,1455358,11228752,fhi:git
2022-09-03,363,39,9.7,402,9773757,1455397,11229154,fhi:git
2022-09-04,376,39,9.4,415,9774133,1455436,11229569,fhi:git
2022-09-05,887,120,11.9,1007,9775020,1455556,11230576,fhi:git
2022-09-06,835,96,10.3,931,9775855,1455652,11231507,fhi:git
2022-09-07,729,80,9.9,809,9776584,1455732,11232316,fhi:git
2022-09-08,803,86,9.7,889,9777387,1455818,11233205,fhi:git
2022-09-09,730,81,10.0,811,9778117,1455899,11234016,fhi:git
2022-09-10,343,44,11.4,387,9778460,1455943,11234403,fhi:git
2022-09-11,377,38,9.2,415,9778837,1455981,11234818,fhi:git
2022-09-12,950,112,10.5,1062,9779787,1456093,11235880,fhi:git
2022-09-13,812,99,10.9,911,9780599,1456192,11236791,fhi:git
2022-09-14,806,85,9.5,891,9781405,1456277,11237682,fhi:git
2022-09-15,779,76,8.9,855,9782184,1456353,11238537,fhi:git
2022-09-16,758,63,7.7,821,9782942,1456416,11239358,fhi:git
2022-09-17,327,37,10.2,364,9783269,1456453,11239722,fhi:git
2022-09-18,387,49,11.2,436,9783656,1456502,11240158,fhi:git
2022-09-19,1023,65,6.0,1088,9784679,1456567,11241246,fhi:git
2022-09-20,866,86,9.0,952,9785545,1456653,11242198,fhi:git
2022-09-21,808,70,8.0,878,9786353,1456723,11243076,fhi:git
2022-09-22,791,70,8.1,861,9787144,1456793,11243937,fhi:git
2022-09-23,782,66,7.8,848,9787926,1456859,11244785,fhi:git
2022-09-24,316,47,12.9,363,9788242,1456906,11245148,fhi:git
2022-09-25,368,40,9.8,408,9788610,1456946,11245556,fhi:git
2022-09-26,1005,95,8.6,1100,9789615,1457041,11246656,fhi:git
2022-09-27,879,79,8.2,958,9790494,1457120,11247614,fhi:git
2022-09-28,843,78,8.5,921,9791337,1457198,11248535,fhi:git
2022-09-29,832,85,9.3,917,9792169,1457283,11249452,fhi:git
2022-09-30,725,95,11.6,820,9792894,1457378,11250272,fhi:git
2022-10-01,320,28,8.0,348,9793214,1457406,11250620,fhi:git
2022-10-02,367,32,8.0,399,9793581,1457438,11251019,fhi:git
2022-10-03,949,91,8.8,1040,9794530,1457529,11252059,fhi:git
2022-10-04,891,93,9.5,984,9795421,1457622,11253043,fhi:git
2022-10-05,828,72,8.0,900,9796249,1457694,11253943,fhi:git
2022-10-06,764,86,10.1,850,9797013,1457780,11254793,fhi:git
2022-10-07,748,90,10.7,838,9797761,1457870,11255631,fhi:git
2022-10-08,330,38,10.3,368,9798091,1457908,11255999,fhi:git
2022-10-09,376,41,9.8,417,9798467,1457949,11256416,fhi:git
2022-10-10,941,110,10.5,1051,9799408,1458059,11257467,fhi:git
2022-10-11,835,64,7.1,899,9800243,1458123,11258366,fhi:git
2022-10-12,797,76,8.7,873,9801040,1458199,11259239,fhi:git
2022-10-13,802,77,8.8,879,9801842,1458276,11260118,fhi:git
2022-10-14,710,82,10.4,792,9802552,1458358,11260910,fhi:git
2022-10-15,320,48,13.0,368,9802872,1458406,11261278,fhi:git
2022-10-16,327,42,11.4,369,9803199,1458448,11261647,fhi:git
2022-10-17,950,92,8.8,1042,9804149,1458540,11262689,fhi:git
2022-10-18,834,93,10.0,927,9804983,1458633,11263616,fhi:git
2022-10-19,794,96,10.8,890,9805777,1458729,11264506,fhi:git
2022-10-20,779,78,9.1,857,9806556,1458807,11265363,fhi:git
2022-10-21,703,90,11.3,793,9807259,1458897,11266156,fhi:git
2022-10-22,300,39,11.5,339,9807559,1458936,11266495,fhi:git
2022-10-23,343,73,17.5,416,9807902,1459009,11266911,fhi:git
2022-10-24,926,128,12.1,1054,9808828,1459137,11267965,fhi:git
2022-10-25,899,119,11.7,1018,9809727,1459256,11268983,fhi:git
2022-10-26,818,118,12.6,936,9810545,1459374,11269919,fhi:git
2022-10-27,870,134,13.3,1004,9811415,1459508,11270923,fhi:git
2022-10-28,809,128,13.7,937,9812224,1459636,11271860,fhi:git
2022-10-29,366,80,17.9,446,9812590,1459716,11272306,fhi:git
2022-10-30,345,73,17.5,418,9812935,1459789,11272724,fhi:git
2022-10-31,1022,169,14.2,1191,9813957,1459958,11273915,fhi:git
2022-11-01,933,153,14.1,1086,9814890,1460111,11275001,fhi:git
2022-11-02,927,148,13.8,1075,9815817,1460259,11276076,fhi:git
2022-11-03,909,137,13.1,1046,9816726,1460396,11277122,fhi:git
2022-11-04,797,132,14.2,929,9817523,1460528,11278051,fhi:git
2022-11-05,349,69,16.5,418,9817872,1460597,11278469,fhi:git
2022-11-06,377,71,15.8,448,9818249,1460668,11278917,fhi:git
2022-11-07,1155,187,13.9,1342,9819404,1460855,11280259,fhi:git
2022-11-08,987,160,13.9,1147,9820391,1461015,11281406,fhi:git
2022-11-09,978,150,13.3,1128,9821369,1461165,11282534,fhi:git
2022-11-10,859,118,12.1,977,9822228,1461283,11283511,fhi:git
2022-11-11,589,96,14.0,685,9822817,1461379,11284196,fhi:git
2022-11-12,251,39,13.4,290,9823068,1461418,11284486,fhi:git
2022-11-13,236,36,13.2,272,9823304,1461454,11284758,fhi:git
