date,new_neg,new_pos,pr100_pos,new_total,total_neg,total_pos,total,source
2020-04-01,3739,198,5.0,3937,3739,198,3937,fhi:git
2020-04-02,3363,198,5.6,3561,7102,396,7498,fhi:git
2020-04-03,3392,164,4.6,3556,10494,560,11054,fhi:git
2020-04-04,1298,88,6.3,1386,11792,648,12440,fhi:git
2020-04-05,1046,72,6.4,1118,12838,720,13558,fhi:git
2020-04-06,3373,159,4.5,3532,16211,879,17090,fhi:git
2020-04-07,2832,140,4.7,2972,19043,1019,20062,fhi:git
2020-04-08,2170,106,4.7,2276,21213,1125,22338,fhi:git
2020-04-09,1227,103,7.7,1330,22440,1228,23668,fhi:git
2020-04-10,1287,68,5.0,1355,23727,1296,25023,fhi:git
2020-04-11,1312,110,7.7,1422,25039,1406,26445,fhi:git
2020-04-12,1169,76,6.1,1245,26208,1482,27690,fhi:git
2020-04-13,1241,77,5.8,1318,27449,1559,29008,fhi:git
2020-04-14,3247,122,3.6,3369,30696,1681,32377,fhi:git
2020-04-15,3325,103,3.0,3428,34021,1784,35805,fhi:git
2020-04-16,3030,80,2.6,3110,37051,1864,38915,fhi:git
2020-04-17,3024,108,3.4,3132,40075,1972,42047,fhi:git
2020-04-18,1127,49,4.2,1176,41202,2021,43223,fhi:git
2020-04-19,1107,36,3.1,1143,42309,2057,44366,fhi:git
2020-04-20,3693,84,2.2,3777,46002,2141,48143,fhi:git
2020-04-21,3504,78,2.2,3582,49506,2219,51725,fhi:git
2020-04-22,3269,77,2.3,3346,52775,2296,55071,fhi:git
2020-04-23,2907,69,2.3,2976,55682,2365,58047,fhi:git
2020-04-24,3228,53,1.6,3281,58910,2418,61328,fhi:git
2020-04-25,1107,25,2.2,1132,60017,2443,62460,fhi:git
2020-04-26,936,37,3.8,973,60953,2480,63433,fhi:git
2020-04-27,4033,71,1.7,4104,64986,2551,67537,fhi:git
2020-04-28,4063,50,1.2,4113,69049,2601,71650,fhi:git
2020-04-29,3916,39,1.0,3955,72965,2640,75605,fhi:git
2020-04-30,4400,39,0.9,4439,77365,2679,80044,fhi:git
2020-05-01,1469,43,2.8,1512,78834,2722,81556,fhi:git
2020-05-02,1532,23,1.5,1555,80366,2745,83111,fhi:git
2020-05-03,1219,44,3.5,1263,81585,2789,84374,fhi:git
2020-05-04,4684,45,1.0,4729,86269,2834,89103,fhi:git
2020-05-05,4273,43,1.0,4316,90542,2877,93419,fhi:git
2020-05-06,4245,39,0.9,4284,94787,2916,97703,fhi:git
2020-05-07,3724,29,0.8,3753,98511,2945,101456,fhi:git
2020-05-08,3764,42,1.1,3806,102275,2987,105262,fhi:git
2020-05-09,1294,11,0.8,1305,103569,2998,106567,fhi:git
2020-05-10,992,12,1.2,1004,104561,3010,107571,fhi:git
2020-05-11,4377,25,0.6,4402,108938,3035,111973,fhi:git
2020-05-12,4779,19,0.4,4798,113717,3054,116771,fhi:git
2020-05-13,4453,19,0.4,4472,118170,3073,121243,fhi:git
2020-05-14,4184,23,0.5,4207,122354,3096,125450,fhi:git
2020-05-15,4157,23,0.6,4180,126511,3119,129630,fhi:git
2020-05-16,1299,13,1.0,1312,127810,3132,130942,fhi:git
2020-05-17,663,4,0.6,667,128473,3136,131609,fhi:git
2020-05-18,4396,17,0.4,4413,132869,3153,136022,fhi:git
2020-05-19,4643,20,0.4,4663,137512,3173,140685,fhi:git
2020-05-20,3937,19,0.5,3956,141449,3192,144641,fhi:git
2020-05-21,1136,14,1.2,1150,142585,3206,145791,fhi:git
2020-05-22,3323,26,0.8,3349,145908,3232,149140,fhi:git
2020-05-23,1036,6,0.6,1042,146944,3238,150182,fhi:git
2020-05-24,896,6,0.7,902,147840,3244,151084,fhi:git
2020-05-25,4054,18,0.4,4072,151894,3262,155156,fhi:git
2020-05-26,3446,12,0.3,3458,155340,3274,158614,fhi:git
2020-05-27,3270,18,0.5,3288,158610,3292,161902,fhi:git
2020-05-28,2771,16,0.6,2787,161381,3308,164689,fhi:git
2020-05-29,2579,16,0.6,2595,163960,3324,167284,fhi:git
2020-05-30,812,0,0.0,812,164772,3324,168096,fhi:git
2020-05-31,630,6,0.9,636,165402,3330,168732,fhi:git
2020-06-01,739,7,0.9,746,166141,3337,169478,fhi:git
2020-06-02,3818,31,0.8,3849,169959,3368,173327,fhi:git
2020-06-03,3128,12,0.4,3140,173087,3380,176467,fhi:git
2020-06-04,2914,17,0.6,2931,176001,3397,179398,fhi:git
2020-06-05,2905,30,1.0,2935,178906,3427,182333,fhi:git
2020-06-06,944,8,0.8,952,179850,3435,183285,fhi:git
2020-06-07,939,9,0.9,948,180789,3444,184233,fhi:git
2020-06-08,5737,18,0.3,5755,186526,3462,189988,fhi:git
2020-06-09,5647,13,0.2,5660,192173,3475,195648,fhi:git
2020-06-10,4548,14,0.3,4562,196721,3489,200210,fhi:git
2020-06-11,4859,11,0.2,4870,201580,3500,205080,fhi:git
2020-06-12,4622,13,0.3,4635,206202,3513,209715,fhi:git
2020-06-13,1242,7,0.6,1249,207444,3520,210964,fhi:git
2020-06-14,1129,6,0.5,1135,208573,3526,212099,fhi:git
2020-06-15,5836,18,0.3,5854,214409,3544,217953,fhi:git
2020-06-16,5422,36,0.7,5458,219831,3580,223411,fhi:git
2020-06-17,4970,15,0.3,4985,224801,3595,228396,fhi:git
2020-06-18,4552,13,0.3,4565,229353,3608,232961,fhi:git
2020-06-19,3795,18,0.5,3813,233148,3626,236774,fhi:git
2020-06-20,1059,6,0.6,1065,234207,3632,237839,fhi:git
2020-06-21,1030,4,0.4,1034,235237,3636,238873,fhi:git
2020-06-22,5011,28,0.6,5039,240248,3664,243912,fhi:git
2020-06-23,4653,13,0.3,4666,244901,3677,248578,fhi:git
2020-06-24,4613,21,0.5,4634,249514,3698,253212,fhi:git
2020-06-25,4163,17,0.4,4180,253677,3715,257392,fhi:git
2020-06-26,3914,22,0.6,3936,257591,3737,261328,fhi:git
2020-06-27,1106,10,0.9,1116,258697,3747,262444,fhi:git
2020-06-28,993,1,0.1,994,259690,3748,263438,fhi:git
2020-06-29,5920,26,0.4,5946,265610,3774,269384,fhi:git
2020-06-30,5020,11,0.2,5031,270630,3785,274415,fhi:git
2020-07-01,5116,8,0.2,5124,275746,3793,279539,fhi:git
2020-07-02,4738,9,0.2,4747,280484,3802,284286,fhi:git
2020-07-03,4534,10,0.2,4544,285018,3812,288830,fhi:git
2020-07-04,1428,2,0.1,1430,286446,3814,290260,fhi:git
2020-07-05,1198,1,0.1,1199,287644,3815,291459,fhi:git
2020-07-06,6316,14,0.2,6330,293960,3829,297789,fhi:git
2020-07-07,5340,10,0.2,5350,299300,3839,303139,fhi:git
2020-07-08,5295,11,0.2,5306,304595,3850,308445,fhi:git
2020-07-09,4812,8,0.2,4820,309407,3858,313265,fhi:git
2020-07-10,4691,13,0.3,4704,314098,3871,317969,fhi:git
2020-07-11,1393,4,0.3,1397,315491,3875,319366,fhi:git
2020-07-12,1196,5,0.4,1201,316687,3880,320567,fhi:git
2020-07-13,6356,19,0.3,6375,323043,3899,326942,fhi:git
2020-07-14,5259,8,0.2,5267,328302,3907,332209,fhi:git
2020-07-15,5405,6,0.1,5411,333707,3913,337620,fhi:git
2020-07-16,4557,4,0.1,4561,338264,3917,342181,fhi:git
2020-07-17,4133,12,0.3,4145,342397,3929,346326,fhi:git
2020-07-18,1420,1,0.1,1421,343817,3930,347747,fhi:git
2020-07-19,1347,3,0.2,1350,345164,3933,349097,fhi:git
2020-07-20,6003,21,0.3,6024,351167,3954,355121,fhi:git
2020-07-21,4820,6,0.1,4826,355987,3960,359947,fhi:git
2020-07-22,4909,22,0.4,4931,360896,3982,364878,fhi:git
2020-07-23,4479,6,0.1,4485,365375,3988,369363,fhi:git
2020-07-24,4506,24,0.5,4530,369881,4012,373893,fhi:git
2020-07-25,1703,6,0.4,1709,371584,4018,375602,fhi:git
2020-07-26,1464,9,0.6,1473,373048,4027,377075,fhi:git
2020-07-27,6855,24,0.3,6879,379903,4051,383954,fhi:git
2020-07-28,5879,16,0.3,5895,385782,4067,389849,fhi:git
2020-07-29,5863,37,0.6,5900,391645,4104,395749,fhi:git
2020-07-30,5544,23,0.4,5567,397189,4127,401316,fhi:git
2020-07-31,5402,72,1.3,5474,402591,4199,406790,fhi:git
2020-08-01,2102,14,0.7,2116,404693,4213,408906,fhi:git
2020-08-02,1894,13,0.7,1907,406587,4226,410813,fhi:git
2020-08-03,9289,38,0.4,9327,415876,4264,420140,fhi:git
2020-08-04,8404,40,0.5,8444,424280,4304,428584,fhi:git
2020-08-05,8700,66,0.8,8766,432980,4370,437350,fhi:git
2020-08-06,8613,79,0.9,8692,441593,4449,446042,fhi:git
2020-08-07,8372,80,0.9,8452,449965,4529,454494,fhi:git
2020-08-08,3269,35,1.1,3304,453234,4564,457798,fhi:git
2020-08-09,3142,34,1.1,3176,456376,4598,460974,fhi:git
2020-08-10,13445,63,0.5,13508,469821,4661,474482,fhi:git
2020-08-11,12937,42,0.3,12979,482758,4703,487461,fhi:git
2020-08-12,13385,63,0.5,13448,496143,4766,500909,fhi:git
2020-08-13,13220,54,0.4,13274,509363,4820,514183,fhi:git
2020-08-14,13707,76,0.6,13783,523070,4896,527966,fhi:git
2020-08-15,5995,43,0.7,6038,529065,4939,534004,fhi:git
2020-08-16,5276,27,0.5,5303,534341,4966,539307,fhi:git
2020-08-17,18202,74,0.4,18276,552543,5040,557583,fhi:git
2020-08-18,16936,58,0.3,16994,569479,5098,574577,fhi:git
2020-08-19,16481,60,0.4,16541,585960,5158,591118,fhi:git
2020-08-20,15620,50,0.3,15670,601580,5208,606788,fhi:git
2020-08-21,15224,53,0.3,15277,616804,5261,622065,fhi:git
2020-08-22,6773,45,0.7,6818,623577,5306,628883,fhi:git
2020-08-23,6948,19,0.3,6967,630525,5325,635850,fhi:git
2020-08-24,21131,67,0.3,21198,651656,5392,657048,fhi:git
2020-08-25,19353,42,0.2,19395,671009,5434,676443,fhi:git
2020-08-26,18830,40,0.2,18870,689839,5474,695313,fhi:git
2020-08-27,17304,52,0.3,17356,707143,5526,712669,fhi:git
2020-08-28,16434,84,0.5,16518,723577,5610,729187,fhi:git
2020-08-29,6357,42,0.7,6399,729934,5652,735586,fhi:git
2020-08-30,6752,50,0.7,6802,736686,5702,742388,fhi:git
2020-08-31,22597,148,0.7,22745,759283,5850,765133,fhi:git
2020-09-01,20334,115,0.6,20449,779617,5965,785582,fhi:git
2020-09-02,19099,101,0.5,19200,798716,6066,804782,fhi:git
2020-09-03,17626,125,0.7,17751,816342,6191,822533,fhi:git
2020-09-04,15493,119,0.8,15612,831835,6310,838145,fhi:git
2020-09-05,5949,73,1.2,6022,837784,6383,844167,fhi:git
2020-09-06,6370,60,0.9,6430,844154,6443,850597,fhi:git
2020-09-07,20905,132,0.6,21037,865059,6575,871634,fhi:git
2020-09-08,18774,113,0.6,18887,883833,6688,890521,fhi:git
2020-09-09,17837,124,0.7,17961,901670,6812,908482,fhi:git
2020-09-10,15566,132,0.8,15698,917236,6944,924180,fhi:git
2020-09-11,14869,118,0.8,14987,932105,7062,939167,fhi:git
2020-09-12,7051,67,0.9,7118,939156,7129,946285,fhi:git
2020-09-13,6698,78,1.2,6776,945854,7207,953061,fhi:git
2020-09-14,21445,104,0.5,21549,967299,7311,974610,fhi:git
2020-09-15,18895,132,0.7,19027,986194,7443,993637,fhi:git
2020-09-16,17573,137,0.8,17710,1003767,7580,1011347,fhi:git
2020-09-17,15178,117,0.8,15295,1018945,7697,1026642,fhi:git
2020-09-18,14060,94,0.7,14154,1033005,7791,1040796,fhi:git
2020-09-19,5796,58,1.0,5854,1038801,7849,1046650,fhi:git
2020-09-20,5743,77,1.3,5820,1044544,7926,1052470,fhi:git
2020-09-21,20654,163,0.8,20817,1065198,8089,1073287,fhi:git
2020-09-22,16716,101,0.6,16817,1081914,8190,1090104,fhi:git
2020-09-23,16236,143,0.9,16379,1098150,8333,1106483,fhi:git
2020-09-24,14367,133,0.9,14500,1112517,8466,1120983,fhi:git
2020-09-25,13785,130,0.9,13915,1126302,8596,1134898,fhi:git
2020-09-26,5980,63,1.0,6043,1132282,8659,1140941,fhi:git
2020-09-27,5939,54,0.9,5993,1138221,8713,1146934,fhi:git
2020-09-28,19134,124,0.6,19258,1157355,8837,1166192,fhi:git
2020-09-29,15438,110,0.7,15548,1172793,8947,1181740,fhi:git
2020-09-30,14884,120,0.8,15004,1187677,9067,1196744,fhi:git
2020-10-01,12828,131,1.0,12959,1200505,9198,1209703,fhi:git
2020-10-02,13068,134,1.0,13202,1213573,9332,1222905,fhi:git
2020-10-03,5719,110,1.9,5829,1219292,9442,1228734,fhi:git
2020-10-04,5950,89,1.5,6039,1225242,9531,1234773,fhi:git
2020-10-05,19137,208,1.1,19345,1244379,9739,1254118,fhi:git
2020-10-06,14822,198,1.3,15020,1259201,9937,1269138,fhi:git
2020-10-07,14172,199,1.4,14371,1273373,10136,1283509,fhi:git
2020-10-08,12972,168,1.3,13140,1286345,10304,1296649,fhi:git
2020-10-09,12683,141,1.1,12824,1299028,10445,1309473,fhi:git
2020-10-10,5873,65,1.1,5938,1304901,10510,1315411,fhi:git
2020-10-11,6422,78,1.2,6500,1311323,10588,1321911,fhi:git
2020-10-12,19756,166,0.8,19922,1331079,10754,1341833,fhi:git
2020-10-13,15685,155,1.0,15840,1346764,10909,1357673,fhi:git
2020-10-14,15180,162,1.1,15342,1361944,11071,1373015,fhi:git
2020-10-15,13716,141,1.0,13857,1375660,11212,1386872,fhi:git
2020-10-16,13008,137,1.0,13145,1388668,11349,1400017,fhi:git
2020-10-17,5886,88,1.5,5974,1394554,11437,1405991,fhi:git
2020-10-18,6359,93,1.4,6452,1400913,11530,1412443,fhi:git
2020-10-19,20526,219,1.1,20745,1421439,11749,1433188,fhi:git
2020-10-20,16900,183,1.1,17083,1438339,11932,1450271,fhi:git
2020-10-21,16048,221,1.4,16269,1454387,12153,1466540,fhi:git
2020-10-22,15385,285,1.8,15670,1469772,12438,1482210,fhi:git
2020-10-23,15137,368,2.4,15505,1484909,12806,1497715,fhi:git
2020-10-24,7320,231,3.1,7551,1492229,13037,1505266,fhi:git
2020-10-25,7628,202,2.6,7830,1499857,13239,1513096,fhi:git
2020-10-26,23158,486,2.1,23644,1523015,13725,1536740,fhi:git
2020-10-27,20694,391,1.9,21085,1543709,14116,1557825,fhi:git
2020-10-28,20852,514,2.4,21366,1564561,14630,1579191,fhi:git
2020-10-29,20686,431,2.0,21117,1585247,15061,1600308,fhi:git
2020-10-30,20120,616,3.0,20736,1605367,15677,1621044,fhi:git
2020-10-31,9281,385,4.0,9666,1614648,16062,1630710,fhi:git
2020-11-01,9464,323,3.3,9787,1624112,16385,1640497,fhi:git
2020-11-02,27396,647,2.3,28043,1651508,17032,1668540,fhi:git
2020-11-03,26665,682,2.5,27347,1678173,17714,1695887,fhi:git
2020-11-04,25205,690,2.7,25895,1703378,18404,1721782,fhi:git
2020-11-05,27270,602,2.2,27872,1730648,19006,1749654,fhi:git
2020-11-06,26741,650,2.4,27391,1757389,19656,1777045,fhi:git
2020-11-07,12192,388,3.1,12580,1769581,20044,1789625,fhi:git
2020-11-08,11367,385,3.3,11752,1780948,20429,1801377,fhi:git
2020-11-09,30431,706,2.3,31137,1811379,21135,1832514,fhi:git
2020-11-10,25124,603,2.3,25727,1836503,21738,1858241,fhi:git
2020-11-11,23217,662,2.8,23879,1859720,22400,1882120,fhi:git
2020-11-12,23048,637,2.7,23685,1882768,23037,1905805,fhi:git
2020-11-13,21484,697,3.1,22181,1904252,23734,1927986,fhi:git
2020-11-14,9548,379,3.8,9927,1913800,24113,1937913,fhi:git
2020-11-15,10564,405,3.7,10969,1924364,24518,1948882,fhi:git
2020-11-16,27789,720,2.5,28509,1952153,25238,1977391,fhi:git
2020-11-17,21190,633,2.9,21823,1973343,25871,1999214,fhi:git
2020-11-18,20961,652,3.0,21613,1994304,26523,2020827,fhi:git
2020-11-19,18831,564,2.9,19395,2013135,27087,2040222,fhi:git
2020-11-20,17640,519,2.9,18159,2030775,27606,2058381,fhi:git
2020-11-21,8024,288,3.5,8312,2038799,27894,2066693,fhi:git
2020-11-22,8099,279,3.3,8378,2046898,28173,2075071,fhi:git
2020-11-23,25180,608,2.4,25788,2072078,28781,2100859,fhi:git
2020-11-24,19113,413,2.1,19526,2091191,29194,2120385,fhi:git
2020-11-25,18928,513,2.6,19441,2110119,29707,2139826,fhi:git
2020-11-26,18130,477,2.6,18607,2128249,30184,2158433,fhi:git
2020-11-27,15502,446,2.8,15948,2143751,30630,2174381,fhi:git
2020-11-28,6794,236,3.4,7030,2150545,30866,2181411,fhi:git
2020-11-29,6878,229,3.2,7107,2157423,31095,2188518,fhi:git
2020-11-30,22555,448,1.9,23003,2179978,31543,2211521,fhi:git
2020-12-01,18004,362,2.0,18366,2197982,31905,2229887,fhi:git
2020-12-02,17228,420,2.4,17648,2215210,32325,2247535,fhi:git
2020-12-03,17192,399,2.3,17591,2232402,32724,2265126,fhi:git
2020-12-04,15329,381,2.4,15710,2247731,33105,2280836,fhi:git
2020-12-05,6562,252,3.7,6814,2254293,33357,2287650,fhi:git
2020-12-06,7129,262,3.5,7391,2261422,33619,2295041,fhi:git
2020-12-07,23207,500,2.1,23707,2284629,34119,2318748,fhi:git
2020-12-08,18654,392,2.1,19046,2303283,34511,2337794,fhi:git
2020-12-09,18471,453,2.4,18924,2321754,34964,2356718,fhi:git
2020-12-10,18903,435,2.2,19338,2340657,35399,2376056,fhi:git
2020-12-11,17444,403,2.3,17847,2358101,35802,2393903,fhi:git
2020-12-12,8746,255,2.8,9001,2366847,36057,2402904,fhi:git
2020-12-13,8858,285,3.1,9143,2375705,36342,2412047,fhi:git
2020-12-14,25553,544,2.1,26097,2401258,36886,2438144,fhi:git
2020-12-15,22177,440,1.9,22617,2423435,37326,2460761,fhi:git
2020-12-16,22715,450,1.9,23165,2446150,37776,2483926,fhi:git
2020-12-17,23534,430,1.8,23964,2469684,38206,2507890,fhi:git
2020-12-18,23811,474,2.0,24285,2493495,38680,2532175,fhi:git
2020-12-19,13022,309,2.3,13331,2506517,38989,2545506,fhi:git
2020-12-20,12419,299,2.4,12718,2518936,39288,2558224,fhi:git
2020-12-21,31187,621,2.0,31808,2550123,39909,2590032,fhi:git
2020-12-22,26009,560,2.1,26569,2576132,40469,2616601,fhi:git
2020-12-23,17800,586,3.2,18386,2593932,41055,2634987,fhi:git
2020-12-24,5815,292,4.8,6107,2599747,41347,2641094,fhi:git
2020-12-25,6301,293,4.4,6594,2606048,41640,2647688,fhi:git
2020-12-26,10461,466,4.3,10927,2616509,42106,2658615,fhi:git
2020-12-27,9883,424,4.1,10307,2626392,42530,2668922,fhi:git
2020-12-28,21001,778,3.6,21779,2647393,43308,2690701,fhi:git
2020-12-29,18661,696,3.6,19357,2666054,44004,2710058,fhi:git
2020-12-30,18514,639,3.3,19153,2684568,44643,2729211,fhi:git
2020-12-31,8643,434,4.8,9077,2693211,45077,2738288,fhi:git
2021-01-01,6937,345,4.7,7282,2700148,45422,2745570,fhi:git
2021-01-02,14801,525,3.4,15326,2714949,45947,2760896,fhi:git
2021-01-03,14864,444,2.9,15308,2729813,46391,2776204,fhi:git
2021-01-04,37008,937,2.5,37945,2766821,47328,2814149,fhi:git
2021-01-05,30934,788,2.5,31722,2797755,48116,2845871,fhi:git
2021-01-06,29126,708,2.4,29834,2826881,48824,2875705,fhi:git
2021-01-07,28480,735,2.5,29215,2855361,49559,2904920,fhi:git
2021-01-08,26992,650,2.4,27642,2882353,50209,2932562,fhi:git
2021-01-09,14968,414,2.7,15382,2897321,50623,2947944,fhi:git
2021-01-10,14210,435,3.0,14645,2911531,51058,2962589,fhi:git
2021-01-11,31936,638,2.0,32574,2943467,51696,2995163,fhi:git
2021-01-12,22978,563,2.4,23541,2966445,52259,3018704,fhi:git
2021-01-13,21802,460,2.1,22262,2988247,52719,3040966,fhi:git
2021-01-14,19719,454,2.3,20173,3007966,53173,3061139,fhi:git
2021-01-15,18182,397,2.1,18579,3026148,53570,3079718,fhi:git
2021-01-16,8382,267,3.1,8649,3034530,53837,3088367,fhi:git
2021-01-17,8413,226,2.6,8639,3042943,54063,3097006,fhi:git
2021-01-18,22808,446,1.9,23254,3065751,54509,3120260,fhi:git
2021-01-19,17520,342,1.9,17862,3083271,54851,3138122,fhi:git
2021-01-20,17206,354,2.0,17560,3100477,55205,3155682,fhi:git
2021-01-21,14880,345,2.3,15225,3115357,55550,3170907,fhi:git
2021-01-22,14678,330,2.2,15008,3130035,55880,3185915,fhi:git
2021-01-23,8267,213,2.5,8480,3138302,56093,3194395,fhi:git
2021-01-24,9383,189,2.0,9572,3147685,56282,3203967,fhi:git
2021-01-25,27526,386,1.4,27912,3175211,56668,3231879,fhi:git
2021-01-26,21063,276,1.3,21339,3196274,56944,3253218,fhi:git
2021-01-27,20412,344,1.7,20756,3216686,57288,3273974,fhi:git
2021-01-28,20142,285,1.4,20427,3236828,57573,3294401,fhi:git
2021-01-29,17654,295,1.6,17949,3254482,57868,3312350,fhi:git
2021-01-30,7158,175,2.4,7333,3261640,58043,3319683,fhi:git
2021-01-31,6958,182,2.5,7140,3268598,58225,3326823,fhi:git
2021-02-01,22300,318,1.4,22618,3290898,58543,3349441,fhi:git
2021-02-02,17526,293,1.6,17819,3308424,58836,3367260,fhi:git
2021-02-03,17635,325,1.8,17960,3326059,59161,3385220,fhi:git
2021-02-04,17399,253,1.4,17652,3343458,59414,3402872,fhi:git
2021-02-05,15793,288,1.8,16081,3359251,59702,3418953,fhi:git
2021-02-06,7397,198,2.6,7595,3366648,59900,3426548,fhi:git
2021-02-07,6720,167,2.4,6887,3373368,60067,3433435,fhi:git
2021-02-08,22612,301,1.3,22913,3395980,60368,3456348,fhi:git
2021-02-09,20710,270,1.3,20980,3416690,60638,3477328,fhi:git
2021-02-10,19119,310,1.6,19429,3435809,60948,3496757,fhi:git
2021-02-11,17554,262,1.5,17816,3453363,61210,3514573,fhi:git
2021-02-12,17868,247,1.4,18115,3471231,61457,3532688,fhi:git
2021-02-13,8209,184,2.2,8393,3479440,61641,3541081,fhi:git
2021-02-14,6571,160,2.4,6731,3486011,61801,3547812,fhi:git
2021-02-15,21915,332,1.5,22247,3507926,62133,3570059,fhi:git
2021-02-16,19378,305,1.5,19683,3527304,62438,3589742,fhi:git
2021-02-17,19571,320,1.6,19891,3546875,62758,3609633,fhi:git
2021-02-18,18447,301,1.6,18748,3565322,63059,3628381,fhi:git
2021-02-19,17764,337,1.9,18101,3583086,63396,3646482,fhi:git
2021-02-20,8696,215,2.4,8911,3591782,63611,3655393,fhi:git
2021-02-21,7429,221,2.9,7650,3599211,63832,3663043,fhi:git
2021-02-22,20068,410,2.0,20478,3619279,64242,3683521,fhi:git
2021-02-23,16698,445,2.6,17143,3635977,64687,3700664,fhi:git
2021-02-24,17818,461,2.5,18279,3653795,65148,3718943,fhi:git
2021-02-25,18251,526,2.8,18777,3672046,65674,3737720,fhi:git
2021-02-26,19180,493,2.5,19673,3691226,66167,3757393,fhi:git
2021-02-27,10190,381,3.6,10571,3701416,66548,3767964,fhi:git
2021-02-28,10968,391,3.4,11359,3712384,66939,3779323,fhi:git
2021-03-01,26390,551,2.0,26941,3738774,67490,3806264,fhi:git
2021-03-02,23338,637,2.7,23975,3762112,68127,3830239,fhi:git
2021-03-03,23800,659,2.7,24459,3785912,68786,3854698,fhi:git
2021-03-04,24333,601,2.4,24934,3810245,69387,3879632,fhi:git
2021-03-05,25567,703,2.7,26270,3835812,70090,3905902,fhi:git
2021-03-06,15273,465,3.0,15738,3851085,70555,3921640,fhi:git
2021-03-07,14985,572,3.7,15557,3866070,71127,3937197,fhi:git
2021-03-08,35063,846,2.4,35909,3901133,71973,3973106,fhi:git
2021-03-09,30926,799,2.5,31725,3932059,72772,4004831,fhi:git
2021-03-10,30742,853,2.7,31595,3962801,73625,4036426,fhi:git
2021-03-11,29822,782,2.6,30604,3992623,74407,4067030,fhi:git
2021-03-12,28861,950,3.2,29811,4021484,75357,4096841,fhi:git
2021-03-13,16404,736,4.3,17140,4037888,76093,4113981,fhi:git
2021-03-14,15893,698,4.2,16591,4053781,76791,4130572,fhi:git
2021-03-15,34254,1106,3.1,35360,4088035,77897,4165932,fhi:git
2021-03-16,29920,1006,3.3,30926,4117955,78903,4196858,fhi:git
2021-03-17,31721,1058,3.2,32779,4149676,79961,4229637,fhi:git
2021-03-18,30706,1044,3.3,31750,4180382,81005,4261387,fhi:git
2021-03-19,29056,1000,3.3,30056,4209438,82005,4291443,fhi:git
2021-03-20,16521,710,4.1,17231,4225959,82715,4308674,fhi:git
2021-03-21,14943,649,4.2,15592,4240902,83364,4324266,fhi:git
2021-03-22,35839,1107,3.0,36946,4276741,84471,4361212,fhi:git
2021-03-23,31965,966,2.9,32931,4308706,85437,4394143,fhi:git
2021-03-24,33754,1001,2.9,34755,4342460,86438,4428898,fhi:git
2021-03-25,32518,871,2.6,33389,4374978,87309,4462287,fhi:git
2021-03-26,32118,895,2.7,33013,4407096,88204,4495300,fhi:git
2021-03-27,17197,602,3.4,17799,4424293,88806,4513099,fhi:git
2021-03-28,13637,477,3.4,14114,4437930,89283,4527213,fhi:git
2021-03-29,29419,863,2.8,30282,4467349,90146,4557495,fhi:git
2021-03-30,20973,849,3.9,21822,4488322,90995,4579317,fhi:git
2021-03-31,17597,805,4.4,18402,4505919,91800,4597719,fhi:git
2021-04-01,9918,624,5.9,10542,4515837,92424,4608261,fhi:git
2021-04-02,10628,699,6.2,11327,4526465,93123,4619588,fhi:git
2021-04-03,10273,612,5.6,10885,4536738,93735,4630473,fhi:git
2021-04-04,10721,652,5.7,11373,4547459,94387,4641846,fhi:git
2021-04-05,16000,716,4.3,16716,4563459,95103,4658562,fhi:git
2021-04-06,30450,888,2.8,31338,4593909,95991,4689900,fhi:git
2021-04-07,25321,847,3.2,26168,4619230,96838,4716068,fhi:git
2021-04-08,22334,768,3.3,23102,4641564,97606,4739170,fhi:git
2021-04-09,23380,712,3.0,24092,4664944,98318,4763262,fhi:git
2021-04-10,12632,496,3.8,13128,4677576,98814,4776390,fhi:git
2021-04-11,10752,395,3.5,11147,4688328,99209,4787537,fhi:git
2021-04-12,26991,738,2.7,27729,4715319,99947,4815266,fhi:git
2021-04-13,20964,592,2.7,21556,4736283,100539,4836822,fhi:git
2021-04-14,21342,601,2.7,21943,4757625,101140,4858765,fhi:git
2021-04-15,19175,549,2.8,19724,4776800,101689,4878489,fhi:git
2021-04-16,17684,579,3.2,18263,4794484,102268,4896752,fhi:git
2021-04-17,9167,330,3.5,9497,4803651,102598,4906249,fhi:git
2021-04-18,8598,345,3.9,8943,4812249,102943,4915192,fhi:git
2021-04-19,22190,575,2.5,22765,4834439,103518,4937957,fhi:git
2021-04-20,18373,532,2.8,18905,4852812,104050,4956862,fhi:git
2021-04-21,19123,536,2.7,19659,4871935,104586,4976521,fhi:git
2021-04-22,19133,463,2.4,19596,4891068,105049,4996117,fhi:git
2021-04-23,20239,509,2.5,20748,4911307,105558,5016865,fhi:git
2021-04-24,9584,287,2.9,9871,4920891,105845,5026736,fhi:git
2021-04-25,9269,317,3.3,9586,4930160,106162,5036322,fhi:git
2021-04-26,24320,502,2.0,24822,4954480,106664,5061144,fhi:git
2021-04-27,20969,481,2.2,21450,4975449,107145,5082594,fhi:git
2021-04-28,20656,419,2.0,21075,4996105,107564,5103669,fhi:git
2021-04-29,19246,414,2.1,19660,5015351,107978,5123329,fhi:git
2021-04-30,18611,441,2.3,19052,5033962,108419,5142381,fhi:git
2021-05-01,8245,251,3.0,8496,5042207,108670,5150877,fhi:git
2021-05-02,9371,296,3.1,9667,5051578,108966,5160544,fhi:git
2021-05-03,24355,511,2.1,24866,5075933,109477,5185410,fhi:git
2021-05-04,21471,463,2.1,21934,5097404,109940,5207344,fhi:git
2021-05-05,22261,494,2.2,22755,5119665,110434,5230099,fhi:git
2021-05-06,19909,509,2.5,20418,5139574,110943,5250517,fhi:git
2021-05-07,18681,438,2.3,19119,5158255,111381,5269636,fhi:git
2021-05-08,9325,352,3.6,9677,5167580,111733,5279313,fhi:git
2021-05-09,10536,351,3.2,10887,5178116,112084,5290200,fhi:git
2021-05-10,25470,523,2.0,25993,5203586,112607,5316193,fhi:git
2021-05-11,21143,427,2.0,21570,5224729,113034,5337763,fhi:git
2021-05-12,18841,379,2.0,19220,5243570,113413,5356983,fhi:git
2021-05-13,11633,298,2.5,11931,5255203,113711,5368914,fhi:git
2021-05-14,17551,415,2.3,17966,5272754,114126,5386880,fhi:git
2021-05-15,9701,240,2.4,9941,5282455,114366,5396821,fhi:git
2021-05-16,9132,278,3.0,9410,5291587,114644,5406231,fhi:git
2021-05-17,5516,183,3.2,5699,5297103,114827,5411930,fhi:git
2021-05-18,26415,542,2.0,26957,5323518,115369,5438887,fhi:git
2021-05-19,25873,541,2.0,26414,5349391,115910,5465301,fhi:git
2021-05-20,25709,603,2.3,26312,5375100,116513,5491613,fhi:git
2021-05-21,25837,668,2.5,26505,5400937,117181,5518118,fhi:git
2021-05-22,13126,352,2.6,13478,5414063,117533,5531596,fhi:git
2021-05-23,13289,338,2.5,13627,5427352,117871,5545223,fhi:git
2021-05-24,16317,383,2.3,16700,5443669,118254,5561923,fhi:git
2021-05-25,28545,427,1.5,28972,5472214,118681,5590895,fhi:git
2021-05-26,23638,363,1.5,24001,5495852,119044,5614896,fhi:git
2021-05-27,19967,383,1.9,20350,5515819,119427,5635246,fhi:git
2021-05-28,19442,347,1.8,19789,5535261,119774,5655035,fhi:git
2021-05-29,8646,199,2.2,8845,5543907,119973,5663880,fhi:git
2021-05-30,9394,185,1.9,9579,5553301,120158,5673459,fhi:git
2021-05-31,23145,344,1.5,23489,5576446,120502,5696948,fhi:git
2021-06-01,19354,386,2.0,19740,5595800,120888,5716688,fhi:git
2021-06-02,20916,293,1.4,21209,5616716,121181,5737897,fhi:git
2021-06-03,19365,282,1.4,19647,5636081,121463,5757544,fhi:git
2021-06-04,16967,262,1.5,17229,5653048,121725,5774773,fhi:git
2021-06-05,7778,145,1.8,7923,5660826,121870,5782696,fhi:git
2021-06-06,7796,150,1.9,7946,5668622,122020,5790642,fhi:git
2021-06-07,20874,203,1.0,21077,5689496,122223,5811719,fhi:git
2021-06-08,16887,214,1.3,17101,5706383,122437,5828820,fhi:git
2021-06-09,17011,207,1.2,17218,5723394,122644,5846038,fhi:git
2021-06-10,16664,202,1.2,16866,5740058,122846,5862904,fhi:git
2021-06-11,16234,154,0.9,16388,5756292,123000,5879292,fhi:git
2021-06-12,7881,129,1.6,8010,5764173,123129,5887302,fhi:git
2021-06-13,7966,111,1.4,8077,5772139,123240,5895379,fhi:git
2021-06-14,21517,207,1.0,21724,5793656,123447,5917103,fhi:git
2021-06-15,17781,194,1.1,17975,5811437,123641,5935078,fhi:git
2021-06-16,17780,215,1.2,17995,5829217,123856,5953073,fhi:git
2021-06-17,17438,197,1.1,17635,5846655,124053,5970708,fhi:git
2021-06-18,16308,172,1.0,16480,5862963,124225,5987188,fhi:git
2021-06-19,9319,153,1.6,9472,5872282,124378,5996660,fhi:git
2021-06-20,8574,115,1.3,8689,5880856,124493,6005349,fhi:git
2021-06-21,19473,205,1.0,19678,5900329,124698,6025027,fhi:git
2021-06-22,16064,266,1.6,16330,5916393,124964,6041357,fhi:git
2021-06-23,16429,240,1.4,16669,5932822,125204,6058026,fhi:git
2021-06-24,16806,174,1.0,16980,5949628,125378,6075006,fhi:git
2021-06-25,16142,175,1.1,16317,5965770,125553,6091323,fhi:git
2021-06-26,7666,106,1.4,7772,5973436,125659,6099095,fhi:git
2021-06-27,8066,107,1.3,8173,5981502,125766,6107268,fhi:git
2021-06-28,19535,226,1.1,19761,6001037,125992,6127029,fhi:git
2021-06-29,15948,213,1.3,16161,6016985,126205,6143190,fhi:git
2021-06-30,17986,260,1.4,18246,6034971,126465,6161436,fhi:git
2021-07-01,17653,196,1.1,17849,6052624,126661,6179285,fhi:git
2021-07-02,15821,186,1.2,16007,6068445,126847,6195292,fhi:git
2021-07-03,7922,99,1.2,8021,6076367,126946,6203313,fhi:git
2021-07-04,7876,123,1.5,7999,6084243,127069,6211312,fhi:git
2021-07-05,17448,207,1.2,17655,6101691,127276,6228967,fhi:git
2021-07-06,13967,200,1.4,14167,6115658,127476,6243134,fhi:git
2021-07-07,15821,203,1.3,16024,6131479,127679,6259158,fhi:git
2021-07-08,16260,181,1.1,16441,6147739,127860,6275599,fhi:git
2021-07-09,14390,175,1.2,14565,6162129,128035,6290164,fhi:git
2021-07-10,7133,108,1.5,7241,6169262,128143,6297405,fhi:git
2021-07-11,6725,101,1.5,6826,6175987,128244,6304231,fhi:git
2021-07-12,14360,187,1.3,14547,6190347,128431,6318778,fhi:git
2021-07-13,11976,145,1.2,12121,6202323,128576,6330899,fhi:git
2021-07-14,12605,183,1.4,12788,6214928,128759,6343687,fhi:git
2021-07-15,12341,186,1.5,12527,6227269,128945,6356214,fhi:git
2021-07-16,11616,221,1.9,11837,6238885,129166,6368051,fhi:git
2021-07-17,6514,111,1.7,6625,6245399,129277,6374676,fhi:git
2021-07-18,6773,141,2.0,6914,6252172,129418,6381590,fhi:git
2021-07-19,14157,225,1.6,14382,6266329,129643,6395972,fhi:git
2021-07-20,11655,174,1.5,11829,6277984,129817,6407801,fhi:git
2021-07-21,12495,260,2.0,12755,6290479,130077,6420556,fhi:git
2021-07-22,13086,215,1.6,13301,6303565,130292,6433857,fhi:git
2021-07-23,12417,247,2.0,12664,6315982,130539,6446521,fhi:git
2021-07-24,7360,175,2.3,7535,6323342,130714,6454056,fhi:git
2021-07-25,7359,196,2.6,7555,6330701,130910,6461611,fhi:git
2021-07-26,16054,312,1.9,16366,6346755,131222,6477977,fhi:git
2021-07-27,14295,298,2.0,14593,6361050,131520,6492570,fhi:git
2021-07-28,6109,95,1.5,6204,6367159,131615,6498774,fhi:git
